820 2776
653 406
18 428
1 215
383 484
96 211
406 37
209 738
428 575
690 806
268 753
731 446
199 380
202 310
223 266
172 366
153 202
771 200
749 377
550 575
93 501
10 468
120 439
581 155
602 48
141 490
715 390
737 225
57 458
356 114
356 399
533 670
473 237
790 295
315 133
6 396
192 771
327 564
475 757
258 511
351 334
706 308
709 627
391 772
178 688
765 791
755 119
494 450
93 212
634 210
642 39
107 190
622 627
316 450
324 2
553 787
239 369
489 780
23 197
133 330
77 600
376 412
362 147
570 457
382 214
628 650
222 106
404 9
685 317
560 239
445 814
246 124
247 102
704 92
820 206
16 172
756 291
386 338
620 472
403 430
455 42
519 150
172 771
552 488
819 498
770 110
568 125
325 133
588 443
516 306
191 463
17 599
36 642
517 770
719 817
207 22
801 55
295 607
378 608
197 236
714 454
805 82
716 422
628 256
204 146
77 668
316 564
337 631
300 801
488 603
103 701
650 765
604 723
218 274
54 323
132 70
336 100
743 283
547 139
693 168
753 501
808 531
127 589
493 178
347 811
77 360
424 284
776 113
523 345
135 72
484 382
765 262
343 638
664 465
277 348
207 416
758 720
227 318
784 699
277 397
624 335
588 144
271 228
130 325
276 209
600 488
343 139
715 418
516 145
371 143
195 494
634 523
147 711
323 784
583 363
643 603
148 496
632 738
293 94
11 680
123 210
570 799
590 556
368 731
595 470
560 148
317 612
67 26
766 230
143 621
235 382
475 590
19 239
96 793
569 316
570 625
183 140
222 690
301 228
264 655
748 417
611 468
22 176
78 454
816 150
374 610
505 225
381 228
223 641
225 149
542 783
210 268
673 382
198 223
452 357
337 460
564 175
562 485
127 747
148 364
813 579
231 242
197 430
643 585
440 87
421 27
370 287
443 575
99 762
674 669
384 622
284 276
719 789
454 175
154 226
27 656
286 511
199 554
610 581
100 567
148 49
633 138
299 199
559 758
7 725
671 295
286 270
473 614
664 15
4 528
460 804
616 658
448 804
408 427
643 590
420 394
680 717
406 237
29 681
603 793
770 452
643 776
295 716
737 552
111 392
773 245
521 356
299 175
562 222
618 387
16 134
218 334
419 534
774 156
744 309
13 92
770 418
241 730
627 599
347 301
71 13
108 416
735 393
132 379
31 340
604 58
436 676
662 478
351 390
795 129
190 463
464 298
549 301
650 385
525 649
687 4
246 220
670 409
450 187
363 587
91 634
146 499
663 682
116 610
444 183
63 37
268 728
572 736
407 473
744 687
89 129
181 352
37 102
275 743
705 4
50 499
624 791
89 180
685 710
109 73
146 446
574 294
179 358
640 723
224 433
24 195
423 528
222 525
778 609
447 195
621 756
303 645
568 618
788 795
328 601
277 282
316 368
597 182
540 576
394 428
711 82
174 522
455 272
644 598
649 709
61 718
794 720
129 109
103 169
731 801
643 652
775 307
810 103
703 805
248 794
798 11
175 358
772 447
78 445
728 573
259 405
558 731
59 648
729 111
587 562
41 544
608 616
687 473
727 203
585 616
16 285
10 92
508 212
683 244
171 469
736 673
301 308
249 694
752 465
533 820
763 613
357 184
467 37
801 466
145 812
632 533
117 173
724 54
525 513
195 162
665 390
806 154
611 664
652 385
303 244
324 47
143 160
167 30
519 197
707 61
48 819
819 257
234 316
554 574
353 492
207 52
482 200
617 328
504 37
288 322
652 815
331 321
534 712
420 291
793 322
795 575
298 253
562 798
818 330
456 578
315 592
371 795
441 569
708 695
596 747
308 232
236 381
95 672
684 310
82 557
428 244
46 703
705 716
450 754
605 361
54 90
699 147
184 783
258 599
265 100
727 353
342 158
287 704
476 485
39 430
385 771
616 119
355 751
528 35
490 146
6 123
662 649
59 107
631 161
225 108
639 746
235 720
328 88
94 704
336 707
501 708
429 560
711 595
803 457
640 549
193 230
261 413
690 668
267 772
291 119
269 761
57 710
42 524
792 457
665 634
482 499
434 366
769 177
660 11
352 272
274 289
560 431
748 314
409 770
801 510
16 39
345 375
454 563
94 805
650 810
27 697
158 605
766 310
126 540
307 482
36 159
455 159
124 762
24 22
192 34
83 254
608 815
421 236
338 241
450 684
385 77
591 207
372 716
83 694
508 682
788 190
203 445
665 506
386 160
704 171
170 795
337 25
53 659
609 210
442 590
575 103
317 339
373 417
394 716
161 132
648 380
647 476
686 642
728 469
88 720
532 409
494 243
171 745
616 266
656 379
605 642
555 210
363 125
187 476
350 416
338 599
547 65
484 796
729 529
253 414
404 384
5 537
138 212
602 10
415 803
474 531
456 58
422 728
518 260
52 91
264 642
562 473
413 533
236 805
682 501
791 693
466 117
70 211
698 600
718 543
311 223
479 548
150 524
808 627
513 250
269 711
697 577
257 135
222 569
446 347
394 165
35 451
497 353
206 205
80 733
389 494
303 167
587 472
453 65
698 813
143 773
693 710
305 519
214 603
764 160
677 295
456 330
535 713
717 550
665 461
442 293
759 288
798 77
13 532
179 139
532 336
717 289
87 797
594 428
744 576
105 137
492 575
309 31
315 511
244 399
562 459
377 700
71 399
50 208
721 765
151 701
338 668
601 538
140 511
566 146
547 604
131 375
1 458
311 614
165 599
369 110
263 8
228 423
546 339
395 523
51 93
624 382
697 595
682 627
170 504
355 60
615 511
466 562
679 756
540 286
193 621
31 726
332 752
718 186
813 776
392 646
394 124
766 514
459 229
518 523
480 110
651 92
742 544
788 293
752 544
374 188
535 141
719 208
721 606
792 570
28 116
766 62
128 349
114 535
135 521
34 651
459 131
64 191
582 623
514 593
572 351
129 726
295 186
118 388
373 407
411 307
69 307
73 331
241 364
773 475
259 231
299 531
598 542
692 26
450 669
696 680
237 685
554 592
573 212
506 362
478 55
306 127
752 771
127 276
644 609
740 701
446 544
142 281
554 492
670 152
334 513
727 609
656 430
677 482
92 755
73 817
527 236
144 83
710 640
513 324
34 810
437 479
306 807
673 542
727 327
19 457
768 379
308 44
205 89
388 591
78 594
172 166
14 250
7 514
400 378
356 487
84 748
62 549
568 764
439 343
186 745
411 764
618 219
302 85
448 702
217 725
146 299
807 745
168 219
577 739
372 342
231 557
511 502
422 578
281 386
211 394
119 669
473 638
480 505
232 522
462 639
270 26
754 265
776 773
10 361
600 585
485 388
90 84
120 390
496 104
151 329
779 608
769 544
384 424
572 614
741 361
439 51
177 746
783 3
108 743
642 43
237 5
209 620
709 694
746 320
431 622
217 694
344 810
52 539
398 214
19 287
684 321
665 785
760 39
318 579
601 147
395 470
181 607
312 642
479 163
226 389
542 391
71 262
54 286
177 805
694 153
639 130
184 7
612 562
387 97
795 108
707 798
321 178
513 390
158 637
402 648
534 673
617 730
706 752
780 148
261 729
432 574
791 642
39 665
42 143
759 707
306 341
397 479
733 752
170 804
519 227
31 686
764 288
622 184
586 569
771 383
348 111
739 391
337 77
655 623
235 589
349 136
242 399
703 238
355 673
799 570
802 96
414 401
56 770
700 608
424 315
226 590
789 654
596 403
583 288
532 56
272 521
225 686
112 387
419 769
477 810
70 238
819 195
469 410
456 432
819 551
624 547
255 90
38 606
607 588
502 667
21 799
169 225
394 117
671 741
691 219
181 292
645 315
760 502
226 101
354 46
582 83
114 222
197 586
456 439
737 517
518 385
205 111
478 151
139 602
464 361
555 313
277 621
284 772
220 470
80 768
427 788
210 156
322 47
216 598
197 243
236 54
202 319
368 70
512 178
17 756
398 411
555 417
422 664
727 231
514 528
649 515
464 642
268 95
643 377
237 808
678 406
496 51
313 611
776 410
462 587
693 213
613 532
595 336
230 599
157 301
529 268
359 305
37 584
80 720
561 326
188 450
288 525
722 397
661 222
773 500
457 220
116 563
338 818
231 663
730 615
789 207
519 346
756 522
193 561
468 523
431 60
548 314
625 534
130 729
206 623
704 163
357 803
744 751
626 425
401 327
414 596
662 108
790 17
495 448
264 73
83 143
570 621
774 78
301 664
359 12
551 327
275 590
9 209
597 816
249 367
88 480
89 406
101 550
377 403
758 176
622 667
492 690
310 274
520 199
80 718
428 502
28 251
804 220
577 411
559 31
779 406
624 725
144 775
551 817
593 718
540 440
267 260
257 465
90 331
686 442
144 472
550 399
183 594
755 85
493 534
793 304
211 669
118 279
161 772
471 329
240 374
437 516
585 76
348 1
637 250
106 425
70 750
108 437
551 739
725 183
665 308
280 302
206 569
483 705
637 288
376 602
638 75
358 73
14 336
494 487
294 704
763 772
711 767
552 379
257 606
518 750
577 405
402 137
178 504
72 587
547 445
218 35
158 693
9 671
270 680
605 336
201 58
366 330
6 605
558 222
73 38
52 93
127 781
310 487
20 6
572 517
696 104
772 453
773 465
576 179
739 321
408 549
279 226
390 478
466 701
433 739
623 516
467 444
50 706
197 38
440 207
539 685
519 452
524 580
419 197
738 806
651 286
559 761
504 475
603 569
178 27
213 340
785 596
416 620
330 174
646 88
477 504
522 663
192 734
690 715
656 455
348 798
26 22
763 714
410 233
701 439
570 388
420 696
377 432
655 525
253 733
40 766
137 336
797 151
503 378
656 628
326 154
382 455
196 294
60 18
776 451
54 560
309 296
436 416
78 111
499 355
208 591
346 256
373 326
504 11
32 328
217 311
151 561
544 814
284 617
767 726
606 799
167 818
441 66
467 629
654 689
749 119
737 205
276 319
260 238
795 422
190 214
740 197
173 583
179 470
436 517
8 772
302 272
679 434
406 306
302 718
503 518
325 802
768 482
401 708
459 17
514 426
453 788
719 359
599 568
672 674
647 230
158 417
766 273
285 727
288 357
329 351
223 160
354 433
281 209
135 291
12 558
329 661
93 287
347 588
268 351
115 814
78 283
79 139
389 404
390 290
708 313
193 425
781 232
542 486
453 450
503 342
444 350
411 88
599 427
715 765
310 553
6 237
535 274
799 341
267 678
647 108
783 780
440 701
519 602
630 182
794 119
393 395
245 220
185 199
394 146
369 451
310 774
4 597
24 171
151 120
790 288
565 207
346 632
254 611
554 80
650 50
73 498
429 135
780 689
547 646
243 639
558 337
178 642
517 760
810 280
179 111
26 299
464 186
337 76
395 594
656 568
751 652
517 196
117 411
120 102
673 795
276 467
6 763
668 538
260 543
263 183
732 36
491 260
332 39
351 751
688 471
200 227
272 608
569 641
788 485
184 22
683 205
332 36
209 114
411 769
599 336
113 244
69 368
513 90
309 98
381 276
510 215
173 775
138 372
253 612
314 728
666 373
206 426
761 177
542 110
176 30
175 501
400 316
782 179
221 652
422 535
96 650
758 715
46 386
473 464
384 559
751 95
197 730
683 210
719 581
278 159
148 787
381 795
748 65
531 102
491 357
77 378
757 189
478 779
227 447
83 418
267 283
655 786
92 300
491 652
206 476
544 90
239 155
103 108
488 150
140 519
126 514
59 10
333 637
388 235
357 444
305 142
252 371
660 173
371 189
524 666
772 222
530 753
92 225
424 557
22 614
579 68
357 195
106 703
126 698
733 445
241 189
171 214
778 370
246 115
119 219
3 782
134 36
445 156
428 257
25 484
783 116
713 597
622 633
54 794
643 148
511 655
627 622
167 87
724 457
155 491
274 472
344 416
642 177
309 179
809 205
649 270
426 548
688 681
504 550
566 325
308 682
38 665
130 3
258 569
444 487
283 547
265 422
558 633
542 381
148 302
86 740
475 328
408 714
356 106
691 722
303 152
675 67
272 478
537 563
221 42
351 699
320 747
601 193
395 654
362 320
750 628
605 324
796 477
720 140
258 95
461 418
770 251
656 643
511 556
332 465
460 286
316 123
394 816
714 713
94 794
402 163
631 156
759 75
695 21
663 76
90 347
762 249
318 544
691 328
582 36
677 746
273 39
572 10
718 217
276 116
43 291
262 510
106 321
641 647
697 584
628 273
258 369
193 505
792 121
114 656
39 565
704 773
389 469
772 450
800 9
18 535
585 610
24 349
405 224
759 241
148 103
273 266
203 347
251 733
658 598
436 182
747 572
443 204
122 799
234 91
490 276
326 182
644 258
757 301
689 5
284 292
50 44
651 384
211 204
616 360
710 406
731 482
787 436
723 156
68 739
671 147
700 180
318 356
545 235
90 207
786 352
166 125
80 510
263 562
284 232
314 205
613 573
814 221
251 634
267 241
490 49
806 491
98 797
601 793
65 754
479 729
799 717
303 359
754 139
39 361
560 11
138 522
731 210
606 104
381 768
537 615
386 77
336 58
817 525
432 17
789 687
521 257
80 63
579 23
396 525
193 750
682 731
793 354
615 407
763 374
122 114
401 797
366 606
115 401
334 504
707 638
263 403
648 538
33 595
786 51
95 576
524 542
212 301
11 459
470 718
772 526
494 731
189 396
304 783
710 507
747 399
235 364
326 496
628 717
261 778
796 267
10 71
67 394
585 611
89 807
516 215
202 718
166 472
649 51
305 772
567 548
769 259
808 173
113 156
4 69
25 248
119 744
448 780
427 120
531 761
642 268
769 700
119 27
184 449
613 595
150 576
304 331
499 103
610 757
203 809
386 820
459 726
738 644
63 699
213 496
101 497
676 437
586 669
809 665
95 545
371 520
25 80
98 550
425 223
567 232
809 253
724 8
504 758
376 811
625 720
195 131
291 207
575 644
206 612
407 246
12 19
412 680
712 425
252 482
112 90
260 562
41 82
439 571
778 227
299 66
580 43
395 551
490 747
185 229
426 281
673 776
384 17
207 595
398 212
69 627
703 382
740 381
781 120
715 169
241 596
811 23
11 219
761 475
19 77
89 133
628 730
202 805
645 810
298 241
800 280
107 214
73 413
418 269
682 590
347 580
576 650
774 557
260 53
418 627
500 271
355 113
504 661
212 123
434 320
197 804
770 412
332 218
44 153
502 452
456 316
115 84
405 792
542 396
472 656
88 114
200 246
456 395
517 178
520 63
371 312
745 523
389 666
484 182
528 47
565 747
378 775
125 751
485 316
95 540
4 551
814 304
686 613
197 445
321 58
68 143
32 784
481 777
760 55
62 371
430 605
181 473
626 173
787 745
145 18
738 329
596 95
599 695
53 283
777 252
598 355
452 521
420 239
524 741
400 568
455 535
27 820
429 248
655 788
213 545
762 176
315 676
448 41
284 49
419 15
458 389
477 285
272 697
777 15
84 673
541 588
638 797
548 80
626 326
223 20
101 482
584 473
273 614
236 366
365 323
407 162
422 464
98 177
460 552
353 610
628 67
505 799
292 782
409 545
798 670
412 77
250 656
115 786
739 313
178 352
726 443
817 509
477 67
813 755
228 63
363 295
147 742
451 627
350 273
378 613
415 749
588 158
511 116
566 343
447 545
337 484
552 498
248 73
641 300
182 667
703 144
611 340
138 756
640 670
113 785
607 714
496 44
630 451
405 212
413 431
815 760
329 756
193 567
693 220
145 97
536 292
754 423
536 590
574 138
724 347
430 386
125 539
300 309
299 223
83 346
724 72
102 95
125 278
661 656
791 443
578 581
140 719
116 257
100 37
547 457
35 742
78 619
49 457
360 439
655 153
181 183
354 47
356 412
156 749
432 430
784 147
273 335
293 457
477 636
494 586
813 589
816 260
715 311
169 196
759 251
392 208
283 92
357 253
146 123
363 711
452 199
409 659
757 1
464 322
323 767
62 762
594 625
617 90
669 561
711 335
15 244
381 457
594 241
777 445
300 100
378 234
71 688
141 660
390 552
562 89
694 175
612 620
152 759
810 800
446 505
769 482
820 174
272 294
389 775
773 412
461 540
174 333
565 803
87 622
552 381
667 708
117 82
320 311
780 264
679 315
418 660
190 139
160 287
238 326
133 105
635 436
285 499
144 771
456 565
534 69
383 657
130 151
279 143
527 46
755 210
684 788
683 804
704 788
65 538
671 558
527 95
165 350
1 424
684 564
275 35
60 795
420 95
533 570
418 124
184 412
339 175
732 737
336 743
143 393
770 15
207 762
8 388
747 363
586 362
146 110
146 753
302 78
781 66
717 630
215 692
512 429
670 227
818 216
819 772
804 27
552 52
739 403
228 757
508 581
426 543
312 349
704 755
782 251
111 777
772 437
41 325
684 343
73 659
348 791
330 294
708 492
141 382
570 397
145 635
2 4
408 798
462 18
245 314
607 674
250 183
242 358
777 113
227 733
229 161
176 307
35 698
508 435
571 219
71 803
744 779
211 177
808 488
349 526
775 54
795 297
124 191
516 72
773 679
6 575
614 416
615 388
376 78
286 778
196 345
797 448
38 250
594 181
22 437
614 750
139 384
64 763
673 707
244 508
746 26
411 392
160 451
270 738
326 750
2 103
75 615
496 107
150 23
79 119
353 588
444 304
209 778
179 260
84 799
468 1
36 717
294 653
636 122
206 803
361 46
27 2
636 89
365 536
216 373
156 104
565 753
772 597
683 434
393 621
446 737
126 661
331 163
654 95
52 719
330 604
144 49
231 570
776 268
329 144
665 192
43 251
484 450
196 478
309 665
534 482
130 435
224 346
441 670
447 303
736 42
403 384
115 87
759 333
796 166
10 233
191 711
504 41
485 68
305 467
638 277
255 457
615 601
144 655
715 399
19 193
510 615
461 790
179 511
606 648
518 99
11 54
738 755
540 11
613 587
119 636
543 581
804 656
17 66
42 513
558 20
464 179
282 275
104 303
624 432
255 130
203 542
368 356
686 184
448 241
503 302
819 601
513 262
445 384
40 564
722 116
744 153
138 798
345 370
298 814
518 574
387 200
103 113
480 811
369 707
504 55
440 38
378 592
805 418
590 637
383 796
408 317
764 426
654 754
34 459
115 690
181 195
592 251
810 78
683 212
132 86
632 343
760 652
123 387
217 663
768 1
457 593
128 352
594 601
498 271
686 743
748 696
665 133
489 464
659 345
159 57
61 80
642 665
555 216
591 371
668 70
594 284
543 508
675 802
195 729
587 30
606 270
722 145
320 422
708 76
50 444
103 650
566 38
251 724
94 376
224 503
666 372
633 336
447 137
250 343
194 379
218 67
715 259
591 518
351 301
262 790
104 756
731 512
790 162
645 741
425 308
390 732
743 198
587 704
453 372
643 265
349 256
211 444
133 156
598 373
85 243
251 215
126 47
571 763
286 191
677 465
774 400
31 380
119 286
163 33
727 400
572 457
612 624
774 291
316 578
405 767
616 413
734 186
28 315
359 299
633 419
354 819
264 76
158 706
329 253
437 68
20 220
204 337
738 680
119 800
410 467
125 468
802 410
695 30
774 395
532 65
479 293
486 579
106 309
197 79
696 173
770 588
552 679
129 295
684 412
745 583
483 248
729 171
506 315
187 70
170 591
797 332
636 129
255 650
220 607
1 555
643 132
565 279
816 261
25 129
7 113
816 729
375 134
448 707
804 710
290 720
148 524
524 602
778 365
338 142
105 252
415 639
565 478
287 662
805 79
128 37
576 510
282 377
546 199
108 289
549 389
200 407
720 777
811 738
576 365
24 90
746 53
214 168
815 411
811 627
311 195
722 407
484 361
502 88
657 732
772 584
300 753
725 645
361 312
257 546
169 494
684 427
633 132
254 428
790 380
376 592
565 157
749 731
235 416
608 267
227 122
137 696
604 434
471 304
128 346
165 176
438 502
278 58
389 568
211 5
303 605
397 594
56 631
201 63
275 727
537 232
44 419
483 239
233 366
453 337
811 790
578 480
687 125
301 616
289 573
603 25
146 135
241 248
421 15
59 772
387 326
433 656
209 813
466 437
35 645
509 369
719 162
408 785
325 761
566 425
552 530
274 41
663 140
313 437
284 680
101 797
229 190
775 797
18 751
596 173
607 371
580 282
226 534
484 537
177 281
715 793
809 281
256 449
231 417
604 636
552 650
719 742
80 192
15 751
733 27
609 21
772 295
188 107
78 766
9 616
340 587
16 726
313 315
3 70
116 178
102 432
708 736
252 548
491 702
38 427
625 87
67 642
357 590
411 231
379 561
783 327
456 401
203 751
292 255
94 82
443 694
53 222
784 650
239 712
185 550
664 250
23 35
740 567
699 785
544 325
191 418
801 362
452 449
255 767
453 808
735 161
132 455
304 648
742 93
747 489
362 332
403 108
502 23
285 731
52 762
8 299
544 749
172 742
138 594
70 537
324 626
96 94
387 388
357 245
46 139
182 140
331 611
64 422
466 561
289 253
73 184
145 731
215 806
645 670
136 584
243 626
798 341
375 113
394 592
788 459
130 663
186 421
429 436
124 377
343 658
181 238
312 371
663 778
371 784
726 79
802 106
533 644
811 565
773 577
479 798
11 496
68 42
607 420
185 453
540 54
99 222
325 475
682 323
722 759
778 232
524 500
529 775
509 159
74 19
421 270
477 263
636 283
690 274
139 24
782 777
753 465
399 209
429 335
415 634
270 294
143 220
554 571
649 383
740 757
666 107
67 475
98 460
275 262
573 809
619 480
288 48
808 252
75 815
85 720
314 467
483 805
799 550
414 405
94 706
686 289
559 541
121 206
673 137
105 479
473 790
628 699
221 123
439 36
666 408
613 484
498 707
543 9
214 401
457 266
594 467
261 288
172 304
616 561
706 792
585 518
231 791
376 288
95 519
479 435
335 478
780 134
552 232
456 733
54 488
193 681
714 401
509 328
570 695
440 742
728 227
601 27
592 434
775 724
581 720
508 631
708 350
350 715
812 420
311 434
264 39
691 183
360 560
767 480
454 307
37 676
723 774
817 128
379 166
783 257
87 660
189 295
705 93
523 441
669 657
160 342
554 679
422 33
353 814
572 765
329 242
593 251
23 82
728 467
472 229
41 412
513 304
784 564
231 92
35 748
237 181
792 318
278 322
100 499
818 208
31 654
602 726
754 573
774 184
475 111
729 700
509 188
124 572
437 565
350 693
796 508
448 274
339 485
710 692
588 126
458 151
518 743
805 339
554 157
122 216
359 782
15 535
93 425
241 171
738 363
13 405
228 549
742 569
712 658
359 298
378 618
605 526
1 672
237 63
388 522
408 275
305 189
22 644
169 267
818 501
640 34
92 645
271 443
310 57
573 616
697 420
162 480
255 269
292 214
664 471
192 552
580 222
457 625
177 18
220 733
412 142
210 529
687 412
144 372
494 584
6 467
213 574
442 267
801 300
149 707
81 661
706 54
172 49
434 811
271 655
293 670
115 9
776 205
172 379
560 41
407 695
808 318
645 405
667 101
193 626
407 304
300 284
231 809
574 526
97 333
174 6
412 450
235 673
605 290
221 57
249 425
668 582
399 306
366 654
793 140
226 746
543 535
202 28
70 360
189 668
745 20
531 625
142 440
753 84
147 376
55 515
573 108
332 132
538 619
112 574
449 171
550 356
221 583
424 503
314 259
248 731
466 443
268 696
785 309
634 332
155 22
229 35
341 601
252 132
695 266
539 601
124 42
797 342
251 315
191 438
213 74
549 438
593 86
72 68
346 367
262 265
617 219
619 676
263 559
307 58
572 163
153 672
703 440
686 352
320 191
636 448
15 624
216 754
683 113
81 521
317 649
198 195
438 167
114 297
479 99
279 134
320 93
139 563
352 13
660 89
770 444
510 277
387 289
559 63
136 639
637 342
356 589
718 724
137 634
600 179
529 326
36 428
770 149
664 127
546 377
185 540
812 545
94 701
465 397
781 447
393 454
530 564
141 694
127 541
779 617
176 215
747 384
199 304
774 684
369 592
26 467
194 80
31 582
253 722
434 12
254 46
678 235
756 180
369 545
780 351
214 349
273 1
423 195
669 231
211 742
383 337
6 674
483 189
12 23
215 722
277 730
557 579
651 514
808 636
267 419
767 369
809 81
170 448
733 491
58 291
637 752
653 363
620 21
181 704
683 770
779 680
766 650
589 9
183 365
294 816
483 751
66 454
375 112
432 266
89 466
516 398
136 232
651 116
190 208
527 484
566 65
752 13
595 147
38 243
719 507
631 208
558 112
320 783
102 28
247 534
711 717
733 299
112 704
276 774
405 614
372 751
569 445
39 33
115 80
99 193
815 576
597 765
763 166
620 767
300 20
118 135
492 299
93 483
257 170
590 404
740 1
462 342
726 665
412 100
59 83
172 799
670 42
510 717
648 580
645 638
95 156
481 696
380 796
255 378
773 180
645 655
98 748
9 31
638 498
362 253
272 209
510 65
755 105
685 814
695 152
337 523
153 608
228 609
