976 1031
845 130
354 153
596 693
745 872
248 464
720 578
177 65
255 328
946 848
642 195
552 914
954 209
445 761
723 512
246 544
734 737
702 154
343 944
523 126
30 686
192 505
745 342
625 312
259 123
725 574
447 30
743 133
494 576
724 691
573 745
945 561
547 709
510 219
862 652
309 788
706 326
916 963
355 685
961 465
740 569
455 266
457 549
219 898
385 715
330 643
783 814
757 533
51 412
199 527
179 134
294 276
872 545
732 265
482 211
172 274
787 802
971 169
484 962
741 220
925 5
371 894
262 664
167 483
70 841
582 231
590 403
467 324
299 342
240 193
780 594
668 897
759 347
546 824
570 181
857 387
78 285
607 705
834 112
210 270
139 700
186 642
827 490
953 667
746 692
620 618
725 284
189 198
869 702
817 11
740 774
802 434
767 420
324 530
942 274
169 374
630 846
909 902
466 710
462 948
757 678
225 155
215 173
461 341
539 803
225 63
957 164
69 878
910 659
833 409
725 214
601 88
85 520
58 194
396 644
286 959
414 884
415 404
542 548
879 334
642 113
206 299
690 736
353 179
933 895
393 212
515 589
593 542
97 230
696 409
241 410
481 650
428 842
939 563
367 113
816 400
702 96
816 862
803 234
409 748
690 679
403 793
660 484
353 649
683 398
539 389
180 837
476 570
821 684
182 682
511 767
385 482
245 408
624 811
617 33
902 381
823 718
902 523
400 867
969 963
415 304
669 213
221 566
657 474
970 36
967 426
306 739
342 801
322 443
421 925
971 944
387 744
771 185
549 112
296 855
740 136
948 930
445 339
762 585
142 780
72 435
486 642
511 535
821 208
339 493
357 538
316 958
373 594
116 557
369 808
516 227
137 886
70 768
644 501
832 107
646 855
462 576
249 340
109 382
797 155
469 793
298 664
915 164
696 260
736 817
627 130
939 545
903 112
773 640
338 802
784 51
76 745
678 961
190 98
421 382
203 362
450 558
566 184
776 782
471 316
810 976
627 442
704 824
543 876
355 274
447 941
130 259
685 809
289 189
529 464
908 713
910 395
528 363
551 431
44 288
791 75
907 794
259 510
771 437
848 219
260 902
354 268
238 861
969 135
629 238
629 601
836 583
63 712
695 575
66 82
556 282
770 117
556 15
140 760
637 918
121 717
252 494
926 37
349 99
761 552
648 901
51 171
654 155
383 18
890 481
575 324
384 622
675 618
693 964
464 897
31 708
85 292
923 241
286 511
204 169
958 869
278 678
401 301
507 777
625 497
111 204
918 889
372 972
517 810
619 427
139 447
636 416
307 603
385 145
155 456
274 317
880 501
487 202
165 311
754 651
39 815
571 592
889 400
508 945
40 770
825 863
799 819
296 618
960 615
601 423
181 286
13 910
457 939
961 41
56 101
823 557
714 931
50 828
746 904
774 295
203 158
346 355
756 670
133 591
430 608
952 215
214 700
965 727
675 99
165 304
26 314
45 622
137 277
790 239
518 363
470 718
818 671
543 859
932 503
715 961
319 791
492 907
928 46
203 466
698 518
93 389
741 712
117 243
571 704
20 220
693 183
373 387
231 835
842 589
937 931
171 323
144 246
906 730
604 972
371 540
444 345
559 527
288 119
230 744
230 179
801 469
207 74
12 827
440 808
832 230
249 645
431 958
488 97
28 655
355 585
282 513
150 317
577 967
755 12
975 174
302 55
248 746
276 378
136 291
378 741
90 768
919 1
337 702
676 302
617 938
494 972
912 144
462 15
73 476
466 178
751 179
531 673
175 79
49 562
220 562
938 958
165 101
25 516
751 852
434 344
567 150
566 922
313 422
474 60
460 275
957 279
624 462
856 123
362 180
922 277
531 937
634 514
799 814
500 456
25 7
839 612
320 870
249 240
864 165
569 161
936 433
230 300
710 401
138 28
39 105
931 276
11 519
177 617
833 439
837 230
679 836
594 185
761 173
853 74
874 500
597 107
533 486
110 31
602 102
421 738
50 87
370 816
229 356
68 4
451 182
473 824
409 175
881 948
296 852
283 810
39 421
793 334
820 229
643 7
943 46
566 238
773 254
464 659
713 108
613 574
109 620
34 430
677 545
543 420
799 243
275 804
417 68
611 85
94 860
447 374
60 613
365 328
108 73
251 867
68 875
486 152
808 334
732 274
924 452
520 782
284 119
889 83
313 710
299 228
728 26
574 971
568 801
901 858
95 23
796 763
954 647
432 430
202 352
684 206
157 506
160 451
106 969
402 160
604 30
933 523
324 335
88 378
130 490
639 571
287 760
887 47
346 913
289 615
201 958
443 477
888 949
83 661
943 564
815 181
626 195
559 547
28 223
832 881
920 302
853 670
646 386
902 215
84 946
154 627
462 137
398 843
422 196
151 798
561 861
133 43
853 443
942 856
561 571
162 555
824 129
15 146
392 700
30 915
793 248
126 784
583 692
797 573
503 438
247 40
910 261
78 59
936 190
307 290
421 495
726 296
776 519
704 894
730 33
406 651
644 788
695 184
688 339
33 441
111 364
609 889
183 951
170 953
872 801
353 936
526 314
24 685
831 866
204 381
793 117
846 745
295 823
818 87
103 821
443 724
731 202
823 339
755 378
726 329
487 741
37 854
494 244
159 493
750 866
671 511
32 730
875 490
724 633
310 88
677 304
36 378
737 79
478 907
33 40
644 850
661 849
359 534
535 888
344 414
626 131
827 315
631 106
83 944
450 776
850 82
665 173
15 723
480 962
335 471
327 660
508 735
379 430
78 510
871 652
21 449
89 19
102 959
461 630
645 416
902 67
913 42
445 556
422 322
12 368
19 151
22 895
387 394
600 383
390 324
40 856
376 380
655 969
812 582
336 59
738 614
11 635
247 673
404 498
727 806
325 87
91 380
162 634
686 891
353 451
619 446
389 38
374 959
359 184
44 243
124 968
436 944
585 465
284 923
507 455
547 496
54 39
671 821
745 857
653 523
432 844
35 844
402 968
665 115
177 734
185 155
118 179
628 935
179 45
156 877
556 394
330 899
629 408
521 481
522 968
631 574
664 7
149 603
264 406
971 780
229 724
17 234
430 320
402 863
120 301
165 61
575 778
43 970
733 263
668 747
419 74
165 340
730 860
954 927
169 975
380 484
531 439
567 684
263 395
598 865
179 74
224 97
964 874
936 952
585 686
533 181
439 714
722 815
3 311
232 246
28 521
520 499
130 448
305 632
913 452
191 563
248 289
705 692
41 205
472 509
232 908
185 882
704 96
574 322
452 753
898 532
39 242
713 169
449 549
109 455
791 96
79 583
150 220
21 454
337 966
527 321
3 36
317 624
635 599
678 340
35 620
288 590
832 564
332 536
259 264
919 181
512 613
430 960
600 588
836 341
665 373
385 864
502 931
674 509
274 225
812 161
747 261
502 44
879 853
833 531
230 853
84 654
71 521
517 670
216 680
942 511
963 323
689 297
204 256
890 806
242 139
925 468
459 920
569 780
147 69
911 688
628 361
205 861
129 371
816 339
665 675
398 663
183 903
165 425
316 292
648 845
431 820
638 948
776 789
746 504
643 562
914 774
829 259
942 195
812 193
574 199
804 862
193 404
405 691
36 435
437 950
683 40
699 921
43 92
969 673
319 300
142 12
239 711
84 402
396 860
915 948
610 684
91 288
357 959
230 391
318 277
47 315
174 947
349 436
206 921
662 719
343 162
530 538
177 195
360 490
509 761
248 310
942 288
753 740
273 706
352 347
473 747
116 89
229 400
272 223
926 867
191 531
524 96
602 963
919 540
836 59
500 769
570 744
375 910
631 757
555 411
628 592
759 54
486 901
639 65
122 975
833 277
24 560
198 552
510 585
149 535
573 150
468 74
383 426
516 460
804 121
246 509
671 52
534 828
900 351
888 228
322 766
84 846
327 207
868 263
669 623
212 291
344 700
26 730
326 15
297 200
218 3
110 13
241 226
701 353
17 803
33 405
917 385
904 838
577 703
663 824
130 853
680 676
235 583
541 893
239 834
145 202
686 921
12 230
110 429
524 285
536 397
289 150
645 151
251 28
818 596
293 744
279 292
304 417
537 158
894 725
327 26
502 822
948 625
445 376
660 203
69 186
70 837
254 382
933 246
303 531
456 442
480 151
281 138
747 681
917 410
231 463
453 593
443 151
924 60
227 513
832 82
777 316
19 642
737 3
370 627
102 726
855 396
220 849
746 541
139 813
533 665
533 271
778 99
521 820
696 902
819 95
379 761
427 120
884 99
762 251
74 120
749 476
77 552
557 403
373 881
233 824
239 773
502 31
428 918
390 741
601 938
111 187
196 839
359 309
279 976
609 281
283 942
458 70
797 746
101 173
271 636
354 694
786 403
501 337
156 538
453 755
458 835
388 126
744 610
887 656
254 817
590 446
976 510
326 287
33 657
739 575
926 810
162 707
759 239
819 406
711 273
490 59
920 427
552 304
805 546
581 221
242 491
24 361
80 43
125 252
336 631
132 745
224 959
717 472
754 546
261 70
237 857
140 647
598 282
123 179
697 871
934 729
618 219
198 408
606 717
194 5
784 348
873 12
940 328
341 558
665 637
442 719
288 776
450 187
257 335
339 669
639 915
244 56
614 703
499 123
346 297
846 934
94 971
159 411
665 207
631 749
279 184
586 265
