976 1847
305 805
552 311
244 673
285 194
63 774
372 876
323 109
268 141
604 599
947 834
368 220
136 157
707 326
336 949
657 608
376 219
864 112
667 357
943 698
432 561
364 692
825 62
329 33
644 680
540 28
46 390
69 47
624 917
142 288
347 72
139 177
305 137
350 712
776 862
243 46
913 912
903 441
454 879
916 560
611 440
591 571
66 434
30 962
948 321
855 658
737 22
892 661
368 975
865 263
591 403
248 511
193 95
581 30
214 729
111 835
937 328
222 450
116 672
466 477
175 391
269 495
773 168
333 812
634 118
105 15
241 948
536 378
249 757
323 209
326 78
310 436
481 620
634 512
892 342
13 400
217 90
642 758
10 291
159 669
861 931
333 32
660 191
920 495
815 328
484 632
515 430
598 187
675 641
479 546
247 77
417 149
475 590
889 307
953 180
256 713
773 631
247 147
765 423
106 427
514 361
950 214
148 671
21 66
350 136
939 928
662 309
838 193
550 384
807 345
457 874
903 688
210 82
404 665
386 124
188 48
797 905
855 34
731 551
309 735
906 348
599 754
619 141
342 66
587 420
171 355
616 63
488 552
180 870
408 361
105 719
650 725
714 704
140 170
516 874
119 252
249 261
652 246
380 517
768 88
844 864
887 727
463 266
504 473
488 115
400 756
725 494
374 244
11 465
360 514
783 194
80 60
464 411
347 3
828 389
868 60
317 221
880 55
62 932
195 571
344 852
22 696
395 424
153 882
281 152
871 775
726 581
491 699
720 212
258 15
439 955
632 512
485 959
489 430
643 886
551 161
298 25
118 115
319 214
946 294
436 850
400 851
331 83
758 3
268 397
749 708
58 386
222 267
367 811
739 370
6 866
395 473
115 521
834 264
515 689
732 904
108 37
878 577
293 879
170 55
482 174
305 687
76 827
277 577
887 674
798 11
301 593
848 658
959 939
163 641
899 820
330 300
225 517
407 447
122 384
415 848
139 236
518 710
331 936
649 584
446 822
527 619
969 592
452 140
103 395
679 796
187 418
480 770
926 428
13 151
603 148
750 560
957 64
64 194
687 636
931 944
42 873
759 414
524 756
547 823
772 656
66 709
623 427
24 402
614 318
252 501
120 576
942 759
546 154
32 886
516 200
630 58
443 844
673 792
943 348
33 627
641 905
515 327
494 957
903 521
850 663
609 587
543 712
119 608
34 699
631 895
549 499
716 18
757 773
42 225
554 875
320 370
970 634
38 460
919 759
122 420
235 568
508 39
741 31
265 770
811 231
127 26
42 302
962 335
356 194
753 552
129 630
777 373
748 723
771 806
687 506
85 238
769 460
828 482
934 459
739 682
557 357
865 314
785 204
435 503
585 879
971 412
282 772
135 490
102 214
266 941
187 355
949 286
962 302
856 255
556 332
621 282
366 884
831 799
645 869
601 107
268 801
911 756
683 182
901 115
800 319
641 893
736 701
612 35
33 528
865 709
761 79
543 661
603 739
894 422
19 883
603 941
749 935
146 563
771 326
166 849
795 92
869 253
648 647
533 438
863 430
277 386
244 971
885 835
64 113
475 675
24 340
30 174
451 544
362 141
927 265
790 526
41 29
786 788
949 504
454 115
60 158
727 136
532 892
809 734
773 480
369 855
126 833
770 329
682 487
497 541
546 823
763 551
169 629
971 440
907 580
213 699
552 447
466 584
158 819
898 154
701 583
61 882
885 395
909 309
268 200
571 826
145 659
55 115
884 225
485 142
490 821
536 428
437 742
699 767
372 973
958 949
845 548
964 348
425 650
778 629
236 777
976 113
795 727
679 292
286 596
472 485
348 584
420 845
77 807
582 154
394 515
966 176
16 135
74 456
269 636
491 225
106 969
131 615
830 530
835 613
565 857
187 409
830 765
262 739
798 817
33 883
51 588
969 661
705 179
839 509
254 141
932 960
312 894
919 421
467 935
570 604
60 347
393 298
656 135
322 448
336 173
445 682
102 158
106 536
533 944
662 747
95 320
354 740
82 695
105 366
765 541
89 36
949 155
253 318
105 608
901 211
262 249
773 350
260 713
227 950
572 770
780 973
587 67
569 361
700 239
28 812
969 647
173 495
124 552
755 666
847 339
126 308
154 921
818 554
690 768
103 853
162 444
240 30
973 762
856 899
784 58
733 505
408 478
707 793
690 396
39 138
681 28
954 930
666 744
276 711
7 874
418 954
934 969
546 446
518 13
64 925
637 933
457 561
821 527
737 588
807 620
188 412
487 176
326 571
411 276
970 400
719 217
628 510
233 770
818 434
506 679
192 165
804 543
625 46
43 465
69 393
823 820
77 765
819 56
364 879
367 290
576 313
448 820
191 474
783 134
548 588
398 367
956 730
8 848
596 238
568 466
626 175
664 827
460 965
547 435
143 78
367 113
298 680
151 30
409 30
144 840
148 759
940 960
668 221
18 317
496 404
53 200
766 891
105 621
342 130
76 90
62 29
841 401
191 238
588 391
492 57
644 206
704 848
482 940
692 357
641 510
515 699
418 49
741 874
616 865
571 716
738 625
97 444
334 651
853 862
69 697
490 910
91 254
751 521
439 845
784 560
397 568
273 384
235 506
4 187
467 259
862 806
594 448
354 358
597 183
583 230
141 951
584 922
841 935
111 845
717 930
819 357
765 950
604 911
754 28
628 659
230 590
399 146
898 949
259 673
348 205
525 284
767 857
695 774
275 404
493 38
783 606
952 368
785 334
265 579
875 534
473 45
772 780
337 923
735 809
266 658
32 107
550 173
163 189
183 891
431 856
303 23
308 66
828 552
668 482
50 680
524 123
157 638
287 570
611 507
623 828
203 567
38 57
62 179
806 932
364 975
832 78
507 945
220 877
280 117
616 58
875 362
971 264
790 844
99 542
953 539
768 516
548 565
188 372
152 869
83 534
747 82
53 590
256 118
846 31
594 12
616 33
410 707
107 58
969 855
438 168
118 576
14 145
765 433
274 527
545 274
675 553
457 56
212 377
547 483
325 497
219 530
143 725
701 203
786 894
892 215
500 597
139 575
188 739
294 589
762 173
856 373
486 805
409 762
127 616
575 211
649 232
78 914
211 581
947 975
657 344
151 231
245 307
712 696
899 225
940 856
299 55
340 584
197 502
217 21
591 631
439 772
873 879
220 405
60 815
11 719
359 744
143 731
386 361
466 59
160 551
89 365
604 751
125 537
192 98
656 422
16 432
70 7
110 613
425 41
908 690
20 411
258 4
596 976
172 15
486 934
434 184
750 89
975 669
598 326
52 49
609 725
373 54
728 656
933 889
559 462
701 809
170 819
35 700
228 736
464 273
689 261
175 567
911 386
698 61
737 699
173 487
836 697
229 608
892 749
696 813
108 375
533 467
145 334
212 888
675 714
640 493
308 829
510 412
701 375
614 461
824 715
653 436
622 182
736 790
232 191
333 415
472 178
454 459
203 2
4 740
85 836
36 500
351 348
6 228
650 133
410 641
250 535
397 47
18 804
311 20
814 117
946 200
289 638
774 104
814 307
615 123
670 951
379 755
585 60
256 325
387 263
856 351
212 240
351 325
43 924
540 502
411 656
360 765
488 55
461 769
810 402
523 628
586 445
881 846
932 350
523 318
73 87
737 936
296 253
506 210
208 286
47 481
857 378
696 952
935 913
241 346
739 305
791 294
246 917
615 105
658 857
633 588
318 433
85 863
655 679
126 324
481 227
923 500
238 604
124 893
369 611
762 10
101 86
892 236
783 913
519 768
758 118
864 198
512 108
532 969
481 139
942 567
969 635
609 314
8 362
888 239
462 262
102 212
145 506
220 716
424 79
459 779
190 396
299 881
376 562
854 171
730 816
53 13
953 23
739 546
728 240
575 327
64 601
878 652
937 523
59 798
64 259
166 860
961 676
907 928
965 665
952 55
176 614
798 538
131 267
650 882
654 117
80 235
287 80
499 470
233 262
516 156
168 972
599 482
51 709
180 364
649 243
466 791
450 432
724 547
603 932
362 687
431 500
418 322
843 355
702 17
249 962
965 796
106 406
841 857
364 405
538 366
64 163
808 749
239 770
239 116
447 91
547 210
370 395
412 926
963 418
11 420
606 9
77 859
708 835
486 460
845 779
496 422
479 541
559 258
378 285
253 885
312 334
702 176
56 851
24 316
300 524
228 113
12 293
55 96
705 926
157 806
272 585
620 888
638 304
969 863
696 310
842 758
310 800
687 48
839 845
537 615
2 855
591 582
923 709
293 548
766 765
270 236
148 83
204 541
558 233
937 10
198 626
397 98
273 156
313 440
923 557
82 775
790 315
410 837
321 415
673 214
567 604
489 597
199 568
667 874
341 399
817 663
565 410
495 397
244 537
688 127
105 534
568 218
497 726
646 269
826 448
190 365
802 913
354 158
687 832
173 261
801 776
808 914
60 807
226 497
97 281
301 940
603 155
43 960
643 471
897 222
129 884
167 916
679 659
282 938
854 892
456 195
855 756
649 472
924 838
411 829
804 134
456 492
723 46
192 113
194 470
791 50
867 440
128 664
238 205
773 966
302 878
136 886
492 754
112 160
352 671
423 28
7 320
691 747
470 532
473 593
504 366
792 288
461 565
870 484
581 863
664 436
83 770
889 750
449 521
646 839
731 777
553 57
692 95
540 558
278 125
171 85
635 857
935 156
927 840
21 940
923 35
247 4
896 538
273 807
826 573
645 466
576 306
267 563
732 141
327 875
873 820
69 582
276 74
499 332
637 590
159 511
301 326
342 334
717 783
592 693
974 259
760 651
959 864
248 731
891 605
964 381
530 320
198 777
178 553
590 211
631 40
212 925
801 806
822 584
473 431
328 614
290 117
697 563
419 587
317 770
157 664
563 653
169 653
316 913
342 432
532 96
381 946
644 70
554 529
539 312
481 304
152 848
433 437
903 279
464 748
289 537
548 531
219 399
113 640
477 618
782 945
482 384
449 646
893 792
231 657
308 881
76 726
58 441
4 704
83 636
770 969
565 566
196 79
255 975
785 484
847 744
863 232
867 672
349 970
176 750
455 428
19 775
351 239
904 607
729 59
162 569
516 127
590 343
169 758
720 471
899 460
611 35
658 551
611 793
188 62
669 894
49 736
216 250
553 733
76 932
385 604
794 138
775 427
173 756
745 243
289 885
55 191
682 817
917 123
868 4
155 6
86 498
863 222
512 300
836 508
108 859
720 349
577 965
306 936
647 475
56 821
972 264
850 461
705 899
9 660
730 502
415 560
514 276
880 439
890 583
905 869
323 59
451 14
604 517
271 827
110 273
40 258
829 83
486 587
1 550
878 896
940 751
818 480
695 106
257 432
292 917
454 524
169 71
798 128
291 493
862 125
833 225
259 671
261 687
888 461
335 487
228 227
207 610
151 433
913 287
736 459
6 337
46 765
195 280
16 560
550 39
19 912
479 208
64 178
974 781
421 354
222 536
445 518
750 371
397 249
445 34
875 719
470 42
904 45
669 755
106 653
197 45
751 321
950 659
48 64
225 615
106 233
911 108
324 970
811 702
169 783
535 648
665 911
355 84
839 510
829 239
961 404
976 735
749 600
398 883
182 44
760 463
388 240
244 285
543 632
88 460
548 770
400 371
916 302
631 926
509 800
193 477
17 324
362 578
421 741
151 785
374 534
929 655
127 438
879 200
941 917
377 924
364 750
771 269
313 344
106 526
586 193
862 89
497 420
191 424
893 872
383 463
223 396
920 664
101 341
174 629
916 962
781 126
840 518
32 579
731 425
382 760
56 223
609 258
629 404
41 923
358 864
849 172
962 581
691 43
640 310
878 394
112 639
131 96
947 783
358 569
399 201
368 462
901 956
374 834
931 854
435 80
165 658
543 24
566 833
220 166
400 247
219 429
260 899
854 138
328 739
96 218
889 915
358 656
875 672
530 186
351 736
869 285
124 287
913 713
753 839
395 27
593 145
115 373
444 548
412 605
622 356
943 691
876 297
896 290
521 667
956 241
119 728
428 135
836 4
824 249
41 68
422 54
44 362
227 218
548 42
197 735
884 962
50 934
658 860
20 175
260 382
126 654
957 876
211 630
842 227
480 597
254 421
246 301
584 75
227 80
893 498
92 882
327 686
915 265
591 194
104 682
268 50
469 671
715 814
755 256
924 696
495 359
466 960
571 312
699 729
385 430
437 404
85 303
747 750
508 58
492 727
792 31
481 597
691 787
91 199
216 230
783 597
828 98
542 901
690 127
403 758
351 281
853 514
527 351
782 973
660 892
594 849
41 626
469 591
342 695
960 589
189 149
611 420
114 756
194 518
836 233
394 68
435 625
405 767
175 196
406 951
136 183
599 971
267 489
532 874
92 863
578 382
143 824
3 141
259 320
704 499
211 864
333 343
972 362
7 596
375 62
178 227
90 442
950 507
184 624
578 407
195 6
876 554
288 963
115 232
868 380
924 62
818 160
565 833
608 935
227 477
762 263
319 291
939 540
40 397
422 552
777 194
764 937
837 120
711 441
253 865
180 7
241 857
644 338
684 733
353 843
854 67
272 772
4 945
778 50
281 762
472 567
808 518
914 917
365 287
558 875
244 314
47 183
126 361
74 934
718 621
833 840
743 607
412 58
268 279
680 879
863 198
403 598
812 571
157 191
956 384
466 705
665 50
596 33
950 93
684 572
408 511
392 964
155 672
429 87
235 638
495 810
465 214
49 697
237 437
864 439
614 594
186 587
670 690
221 775
630 342
704 590
530 487
890 73
848 531
428 837
343 816
217 17
490 483
628 920
593 811
321 313
654 94
965 902
93 75
23 437
297 78
676 385
221 380
521 558
738 828
86 784
397 294
55 427
331 952
830 196
219 637
432 209
127 860
474 372
757 513
944 124
599 660
346 298
883 65
742 371
356 681
976 759
938 50
428 784
569 323
594 205
500 163
878 780
791 736
277 293
759 172
506 844
968 121
397 710
240 575
528 60
714 693
493 926
173 800
160 928
696 444
542 585
342 11
753 432
660 529
576 1
618 554
490 582
36 155
221 726
761 782
58 302
721 550
701 93
703 809
833 282
446 936
110 175
353 747
714 926
328 482
723 219
724 128
856 910
708 919
857 942
682 246
444 447
834 390
690 387
486 669
549 945
625 862
941 255
178 53
768 712
755 191
918 810
564 866
726 945
547 116
841 220
604 936
646 205
116 773
796 620
195 741
587 551
707 779
708 231
673 323
126 693
1 954
631 489
776 830
247 815
398 482
754 842
149 782
9 1
85 827
970 377
290 554
247 6
948 400
330 107
810 68
927 49
505 570
18 572
936 71
80 440
338 289
566 375
97 78
692 265
604 224
935 829
383 704
561 787
837 614
677 913
163 587
409 916
821 845
757 186
603 23
103 24
534 936
885 230
850 968
318 754
399 439
645 409
278 314
208 861
523 67
355 469
788 552
103 646
799 412
825 403
506 778
748 893
552 783
664 131
57 731
296 125
557 659
83 800
407 923
88 133
176 508
548 215
56 749
219 843
19 929
288 314
643 813
172 210
568 918
236 636
148 494
240 583
577 600
229 144
467 253
147 357
687 658
928 35
257 419
207 116
264 790
146 317
216 639
576 900
222 915
389 605
394 223
661 123
372 75
689 322
234 84
218 487
664 587
678 545
473 211
699 83
165 728
358 251
75 144
330 360
495 950
941 184
693 823
434 113
553 554
81 951
562 808
119 454
324 871
96 910
265 810
896 357
808 92
940 483
49 360
153 134
317 204
266 52
269 41
474 435
807 553
901 670
683 615
465 838
640 152
842 850
743 881
782 712
464 419
239 935
55 801
421 406
131 839
61 676
338 564
361 288
53 256
681 34
294 767
479 122
895 674
894 702
343 172
769 317
274 523
119 325
303 756
953 57
257 964
333 156
798 382
657 717
110 438
754 448
384 635
79 2
634 154
906 903
298 400
888 545
180 343
511 233
663 854
429 166
375 291
878 718
459 844
833 532
887 388
287 169
845 325
421 408
719 737
101 26
430 867
889 772
393 930
478 794
149 485
954 321
646 669
957 649
227 481
964 461
556 170
835 655
73 495
718 772
368 323
59 76
80 343
650 434
343 961
767 788
298 907
844 598
25 560
924 17
920 334
373 784
251 73
893 628
660 272
128 97
934 99
963 756
658 231
640 870
419 252
386 930
131 577
377 826
417 713
749 584
588 496
494 744
17 522
437 349
225 197
183 68
81 73
523 581
747 668
841 924
700 820
929 84
558 153
287 141
187 812
204 198
409 896
494 956
975 909
435 612
22 114
379 3
731 470
75 849
385 780
944 798
124 392
436 361
136 101
652 438
690 266
