1000 5003
912 646
178 45
159 552
552 226
660 3
346 666
772 402
450 720
481 782
758 144
62 374
65 50
174 652
247 814
252 899
529 537
218 592
257 510
901 573
246 824
103 57
171 231
818 29
68 596
601 131
891 86
33 812
214 91
886 831
159 846
606 654
603 586
168 265
459 759
511 804
778 155
337 324
687 498
84 677
32 478
638 793
621 157
417 97
48 645
400 684
611 150
216 930
486 392
995 195
210 706
427 72
640 366
376 656
983 55
144 220
453 110
317 686
458 686
662 167
791 687
721 108
49 483
461 297
62 377
428 233
966 123
888 661
50 234
301 499
753 770
162 477
494 130
181 597
76 571
510 846
421 454
591 675
475 741
65 881
561 596
598 270
301 902
964 615
857 635
967 880
727 551
882 904
132 628
354 337
660 799
32 469
337 837
55 125
295 121
499 568
853 687
526 768
46 789
1 413
929 714
531 325
16 851
197 481
474 236
572 243
712 962
424 985
168 558
334 817
722 438
601 575
467 400
216 998
210 349
625 212
620 54
497 859
572 98
475 714
994 598
469 161
152 34
78 974
580 533
300 426
948 430
693 120
739 723
198 243
189 656
20 89
827 347
385 428
870 540
208 862
868 279
796 828
11 310
837 622
389 639
608 805
857 140
845 520
331 24
537 926
276 751
298 790
833 254
363 12
999 884
530 749
328 784
179 412
490 324
92 843
936 54
717 932
648 181
208 482
649 220
387 821
82 690
802 844
855 570
776 470
237 617
602 434
292 161
490 13
809 785
585 533
729 530
621 153
855 780
337 360
210 540
651 910
651 597
11 920
784 152
198 5
951 601
515 280
572 863
318 796
526 933
685 921
115 463
228 517
917 507
727 104
506 604
965 376
861 101
491 343
734 234
76 721
339 574
224 383
585 181
5 150
8 646
958 221
579 49
870 47
499 890
854 341
983 729
907 880
804 551
961 914
199 352
76 237
948 993
170 102
873 312
617 279
66 55
447 52
583 766
529 662
472 834
965 673
632 3
368 248
848 237
424 58
830 429
741 419
693 176
150 10
216 327
217 50
951 29
38 639
495 714
931 507
408 131
523 193
27 868
945 108
525 985
250 359
711 235
968 912
881 878
950 885
293 515
679 673
721 645
556 911
939 17
171 740
668 62
338 697
122 248
467 423
766 706
638 535
988 949
934 276
205 523
776 199
851 64
248 566
373 268
526 962
407 114
585 236
161 750
472 446
51 641
76 123
919 529
296 489
137 310
338 36
585 261
585 125
52 391
168 40
74 660
304 515
852 603
583 352
508 862
337 193
881 871
680 897
309 129
165 140
347 825
521 489
116 192
678 763
301 391
871 880
361 849
237 105
696 769
179 983
479 209
94 999
458 989
865 244
878 219
475 937
890 571
502 781
837 780
607 177
75 198
807 563
538 5
946 590
962 985
387 733
744 593
384 773
427 646
835 342
472 308
938 393
968 600
147 497
811 740
993 793
201 127
407 363
262 865
447 837
673 206
929 164
90 104
381 12
606 607
319 120
118 255
743 151
301 384
20 342
412 133
951 330
457 130
75 735
277 700
833 846
354 404
561 276
651 93
943 282
928 363
309 319
214 455
416 110
418 815
163 903
377 897
95 362
526 864
925 725
779 871
36 836
963 108
864 639
819 177
964 648
828 208
424 924
951 104
292 494
683 759
262 279
619 150
208 430
581 566
547 167
837 988
858 962
109 715
300 610
719 310
756 556
315 180
828 636
411 18
621 847
725 5
344 47
148 814
129 264
112 448
807 592
293 904
479 537
724 644
923 4
886 612
541 525
767 348
508 255
128 53
147 275
429 966
204 173
648 438
601 879
118 912
745 28
46 294
545 530
196 570
16 320
513 902
824 34
515 934
441 181
710 611
496 243
224 1000
98 324
560 487
744 793
592 193
232 419
319 605
56 657
644 132
599 842
919 258
759 809
304 553
13 327
215 640
106 279
821 556
224 955
204 71
365 416
938 776
703 125
205 240
228 339
912 3
446 547
966 53
510 139
756 748
955 868
99 563
88 413
925 324
564 132
839 660
997 534
242 926
96 58
278 652
407 374
827 600
601 364
22 405
373 182
643 115
840 139
419 893
646 236
932 192
668 847
579 10
7 546
396 254
379 570
121 947
824 669
715 30
555 904
147 103
679 966
224 717
929 294
542 316
85 319
672 317
52 40
82 203
971 306
287 817
520 239
901 421
534 455
317 231
262 946
431 601
486 139
948 226
259 891
435 388
554 121
663 675
497 312
703 344
579 966
466 863
511 280
802 773
875 697
968 485
742 577
418 455
681 461
767 357
538 334
495 24
459 878
904 983
479 265
65 922
564 353
859 581
984 165
87 297
529 731
465 523
19 406
462 773
112 954
739 966
408 865
727 624
82 213
184 836
762 403
304 658
450 282
594 960
660 249
237 13
511 754
114 143
277 577
470 517
742 789
339 581
730 837
786 252
326 150
381 814
256 675
801 607
645 989
722 481
356 438
139 433
433 521
909 600
908 871
732 93
399 117
256 493
256 850
3 661
423 260
354 448
409 155
157 781
414 388
676 255
453 162
146 436
312 52
650 926
794 731
687 631
67 112
910 140
319 196
303 382
179 251
859 422
680 820
803 297
845 625
612 844
159 773
973 889
707 167
241 805
175 367
654 701
948 922
608 288
113 838
386 48
842 889
891 998
653 507
827 360
179 276
474 779
271 498
954 991
594 520
990 790
833 510
724 123
429 598
636 914
991 382
395 145
328 332
805 966
673 920
368 168
370 763
977 500
473 329
300 709
135 851
741 815
984 34
982 631
949 177
470 284
236 503
290 910
990 24
976 743
289 489
976 369
222 704
410 297
338 681
727 522
376 636
584 630
255 89
821 322
551 871
473 588
226 148
147 856
217 300
759 704
98 940
925 110
191 547
725 259
450 763
742 21
864 219
402 374
114 556
8 332
405 726
887 363
337 640
673 571
85 354
873 528
12 920
894 956
291 562
349 970
476 91
2 264
222 595
426 800
444 441
501 77
426 884
657 133
159 413
839 736
19 189
666 768
556 39
442 86
355 702
591 991
819 463
217 641
327 700
952 566
791 664
976 178
518 773
280 916
189 230
941 102
105 468
642 992
788 372
257 817
828 629
782 308
98 749
99 201
462 303
409 673
907 110
673 103
199 279
755 479
780 108
81 614
488 423
137 751
124 518
384 334
486 650
180 862
779 195
822 206
951 628
78 813
811 660
295 575
59 542
742 492
543 213
104 235
588 119
566 195
615 445
436 281
702 597
458 369
786 464
373 189
928 130
746 463
984 334
767 77
61 169
312 97
165 641
389 364
501 627
372 877
301 449
232 259
361 795
279 789
712 450
569 63
606 259
952 998
475 498
644 996
754 987
168 266
579 907
978 922
832 817
762 584
762 5
355 425
467 227
451 806
253 654
341 771
288 931
733 79
972 99
439 281
186 303
290 587
760 211
873 175
598 923
983 64
837 524
87 253
821 834
933 717
129 18
839 709
80 117
316 782
887 449
401 789
394 483
858 140
309 5
218 600
56 307
497 969
594 57
426 455
228 62
267 374
450 631
803 914
716 996
515 156
754 124
827 158
493 563
387 90
649 947
744 485
959 737
659 636
678 349
473 575
754 207
403 804
929 808
649 540
959 465
120 121
122 55
310 700
730 356
569 367
201 626
166 694
943 760
611 846
81 882
854 919
502 120
768 846
74 902
736 397
56 314
741 45
856 577
886 553
575 685
117 138
952 431
317 600
49 535
946 287
766 313
766 242
187 641
421 311
519 693
648 493
480 58
170 593
544 281
906 400
727 71
512 498
913 436
234 911
734 540
718 890
275 396
919 975
591 402
29 809
760 225
189 153
959 478
834 174
67 836
147 890
564 123
565 883
982 899
860 433
254 640
516 307
147 893
919 491
354 981
939 99
638 412
966 600
400 303
680 60
37 86
664 790
816 155
538 134
460 547
995 613
410 750
964 73
413 140
966 294
734 628
74 429
293 807
699 812
578 547
132 635
331 797
138 212
722 126
90 688
564 437
8 214
823 630
419 142
755 245
832 192
599 625
138 167
502 367
547 138
452 78
632 375
695 457
201 458
659 587
591 714
423 138
810 46
865 402
706 600
169 898
965 957
394 100
454 233
699 180
385 759
224 370
371 935
390 714
580 209
502 229
590 328
875 960
226 799
396 383
355 789
827 165
238 675
976 878
117 466
897 656
669 571
377 714
266 488
838 969
725 311
839 288
614 157
412 877
590 708
55 566
77 613
528 738
580 877
462 556
486 824
394 833
59 748
552 283
383 991
668 63
427 881
191 167
784 548
731 402
967 13
300 551
356 136
972 531
331 375
98 643
29 912
462 277
232 657
927 821
848 17
537 139
225 534
156 2
925 383
999 472
396 58
841 747
400 640
517 21
441 468
398 466
24 225
248 957
601 135
653 173
67 654
603 576
804 967
396 284
657 283
401 521
76 704
662 347
611 471
245 424
730 880
726 996
506 805
141 231
986 36
399 777
934 268
257 299
96 381
460 131
890 996
706 272
318 33
247 69
160 538
857 996
783 835
515 810
352 763
83 885
197 273
704 294
478 689
262 386
262 983
706 844
319 2
529 998
929 893
472 192
17 174
326 176
646 548
149 20
572 721
320 847
744 812
232 993
945 925
751 953
779 190
555 730
646 695
224 842
478 69
649 255
302 535
338 680
870 465
247 429
912 914
159 316
144 697
109 791
256 117
111 386
95 777
459 808
722 549
541 127
154 604
1000 596
748 549
160 198
659 898
160 704
126 255
495 814
976 87
390 773
227 677
65 882
411 314
829 334
927 968
919 176
830 590
95 592
734 41
725 484
411 100
304 26
674 546
416 798
473 360
95 737
994 455
170 200
406 226
923 308
379 30
500 26
585 738
857 962
651 271
326 853
718 902
245 145
665 539
518 377
320 612
373 486
32 424
502 396
560 742
235 269
291 15
555 810
919 575
632 721
177 236
706 862
945 62
86 773
912 380
995 32
624 507
109 743
992 970
205 819
955 552
904 91
810 834
82 11
467 926
139 397
288 225
68 647
500 884
769 249
861 275
440 561
648 523
77 847
595 260
770 701
480 871
407 233
962 183
671 699
500 355
317 775
395 884
345 756
786 434
170 557
107 882
210 58
275 627
154 245
71 350
945 873
858 833
214 470
427 204
217 344
589 751
963 525
590 696
419 542
637 997
168 457
573 865
298 174
300 190
190 549
511 650
583 875
256 353
807 867
367 374
665 830
868 966
832 751
744 332
393 629
232 96
910 743
995 162
971 195
71 958
587 433
845 498
238 397
698 502
980 209
601 41
160 695
519 697
96 113
992 778
792 28
664 316
424 545
676 577
43 488
190 503
501 104
449 559
871 996
248 391
965 20
316 47
198 631
513 553
202 704
955 457
277 242
315 598
582 275
304 619
909 424
123 539
343 369
733 628
511 144
866 989
841 553
776 798
617 203
946 947
999 330
755 503
513 276
109 287
951 231
718 150
810 159
132 362
345 469
43 516
502 758
658 395
32 243
905 655
11 435
698 66
721 310
74 777
284 298
300 797
906 448
664 587
248 596
231 296
683 518
940 261
978 312
275 348
388 39
663 330
134 225
60 867
708 142
447 122
584 436
642 383
492 529
293 576
477 686
96 638
6 858
562 596
651 806
65 209
747 233
713 174
469 757
201 79
964 417
402 261
441 371
403 548
189 981
3 270
724 554
908 575
447 13
837 757
198 155
721 758
1 288
197 963
368 749
798 297
222 614
427 977
107 206
467 198
583 12
669 183
894 329
320 664
858 643
112 636
96 81
222 188
948 784
886 914
929 676
581 54
925 921
948 320
288 578
124 962
144 97
438 57
721 691
523 264
100 914
873 264
999 173
698 133
573 359
346 965
862 383
251 413
761 5
776 49
135 392
800 738
395 717
856 192
52 151
677 255
887 530
237 109
238 261
37 998
385 333
740 366
271 662
246 709
779 522
602 670
96 7
696 118
937 773
479 186
910 358
199 752
634 47
597 921
249 702
113 417
50 953
968 833
553 821
126 177
222 822
367 764
371 79
290 348
137 523
581 960
581 539
124 685
855 539
594 650
271 592
328 954
54 374
334 842
868 73
559 322
173 131
526 531
672 558
970 761
535 161
910 167
345 729
845 657
877 311
22 488
316 64
889 258
445 889
321 192
329 229
964 254
431 314
895 737
270 523
234 936
660 716
184 253
771 835
901 784
95 420
62 103
762 384
263 39
504 847
822 26
729 282
599 412
783 637
984 283
254 613
111 809
790 299
713 830
866 901
98 206
912 131
579 933
943 460
504 190
504 371
801 483
765 914
767 914
456 876
849 565
918 825
579 562
411 657
766 261
858 42
839 587
635 327
772 382
829 635
404 493
832 374
975 630
800 879
943 601
565 758
766 404
246 470
589 645
826 130
228 528
166 52
252 521
439 693
940 382
247 974
321 608
991 174
803 654
109 363
532 397
642 528
755 850
620 236
314 20
427 799
101 332
599 733
999 216
653 485
352 576
878 815
259 496
349 530
632 555
337 46
390 48
873 396
505 170
358 777
646 911
82 177
114 820
724 701
670 348
946 253
358 2
13 18
567 751
345 596
625 314
716 10
344 628
59 444
424 666
756 827
505 545
795 480
762 719
709 863
122 859
965 816
15 916
894 756
608 595
698 790
590 792
66 371
424 980
59 976
82 255
405 639
584 433
491 207
32 190
341 428
218 236
310 195
475 759
972 828
783 663
665 996
31 670
291 575
870 395
278 374
245 580
87 450
345 231
453 729
847 414
702 592
441 692
228 754
631 844
390 369
59 637
870 769
567 740
344 723
62 962
880 517
458 273
849 903
591 963
978 549
520 382
304 303
945 436
709 659
68 250
360 563
197 794
327 863
643 614
197 993
755 800
972 234
459 953
337 605
647 375
564 470
351 300
599 30
840 226
107 478
822 438
143 862
75 233
295 274
705 751
668 405
870 889
409 699
538 374
618 628
379 958
486 118
196 213
71 656
59 207
807 439
203 269
630 547
774 196
316 575
977 915
456 636
550 795
891 181
802 616
215 413
841 982
987 19
932 507
553 233
719 901
77 412
956 481
723 931
667 638
337 375
49 813
670 914
387 898
126 813
968 868
705 493
889 120
635 57
581 941
231 402
912 636
837 910
621 846
641 456
473 443
642 803
38 664
440 759
573 489
900 469
404 18
180 286
208 525
445 805
289 879
602 152
752 517
159 807
744 330
955 279
956 988
761 825
226 225
390 355
618 535
672 267
103 240
946 758
419 177
590 183
774 944
266 900
334 60
500 375
501 367
442 850
673 364
766 590
386 377
350 240
504 437
606 616
555 189
667 725
560 768
710 501
82 521
191 185
304 441
703 696
88 939
175 362
256 97
112 422
994 382
224 789
813 376
390 28
11 201
387 552
766 253
894 310
894 971
634 775
890 269
900 355
833 349
475 131
337 923
579 676
467 587
304 231
175 177
159 614
565 647
412 449
945 796
721 618
251 28
866 629
82 612
651 323
82 271
837 404
394 846
841 286
760 63
308 264
987 270
895 417
97 254
152 138
501 71
463 940
45 193
357 255
341 789
878 540
516 433
113 712
727 885
665 519
499 303
96 434
778 366
849 37
764 91
103 604
301 706
783 398
181 620
292 363
718 406
476 5
646 996
276 535
134 605
544 410
257 414
858 342
913 414
106 273
75 439
572 879
980 188
973 594
918 981
830 37
297 799
302 969
484 587
925 858
51 715
106 425
767 385
821 942
291 751
327 213
257 441
459 286
208 457
333 313
43 546
724 84
317 522
339 763
249 940
585 759
44 922
490 631
824 643
542 410
418 675
129 231
774 716
666 461
723 148
451 402
467 744
467 287
353 916
582 626
361 142
731 647
660 789
681 166
280 358
866 50
168 469
519 103
171 509
134 3
146 95
101 116
444 468
565 805
711 330
417 935
735 799
114 193
372 91
498 557
210 662
718 742
512 537
69 209
894 514
307 242
736 306
238 376
475 688
855 876
416 542
78 463
293 696
83 534
228 472
61 749
160 675
967 312
753 367
534 281
265 436
412 930
870 715
724 194
724 639
28 284
104 213
70 899
508 226
163 114
718 815
184 514
628 211
95 340
952 365
137 915
320 413
372 974
321 116
323 207
105 617
146 121
95 46
756 884
479 399
9 823
528 310
11 474
698 199
963 121
53 998
317 540
472 704
504 881
154 801
927 146
486 454
767 128
734 969
172 790
424 723
572 579
168 308
735 196
741 372
262 55
946 306
837 673
472 800
987 220
219 899
453 680
508 334
901 644
530 302
632 285
254 991
300 192
672 302
709 44
637 636
567 130
497 696
394 635
113 227
422 887
408 15
278 651
356 52
38 40
105 839
731 64
894 524
642 317
769 675
659 757
292 102
972 315
329 219
795 687
647 781
995 900
337 673
67 501
858 991
141 327
363 244
741 264
467 916
38 268
494 265
870 916
854 689
372 496
28 274
818 661
197 401
967 751
107 901
805 673
662 26
224 461
919 931
494 813
830 118
171 480
959 854
20 236
194 771
85 165
196 547
227 743
270 867
106 747
764 264
219 777
782 897
756 72
411 526
428 941
840 171
786 590
951 290
224 299
538 830
758 808
722 969
706 450
755 163
486 943
486 496
585 907
532 570
293 868
990 922
801 636
166 797
540 656
109 284
82 293
338 110
467 644
321 785
899 521
984 644
417 517
784 388
550 418
734 415
771 969
955 456
646 268
757 661
95 273
62 941
786 919
68 170
163 975
814 974
766 949
461 364
191 765
223 389
349 455
245 483
304 199
855 527
107 597
436 517
128 325
933 284
250 402
864 637
363 130
956 211
794 242
615 813
637 914
582 454
323 448
35 695
586 525
304 180
142 209
937 604
184 996
168 297
939 250
740 684
686 47
390 664
411 643
637 78
160 574
785 91
986 179
608 188
199 119
165 142
473 118
598 433
617 889
655 127
253 576
507 781
274 110
164 570
275 537
717 914
345 96
224 146
849 87
389 60
853 691
5 236
194 369
305 911
179 914
952 658
663 124
344 677
868 527
61 458
686 376
320 135
762 892
528 417
106 270
452 857
676 720
608 671
645 289
278 256
541 91
65 770
355 399
156 255
217 215
586 305
623 766
19 177
494 397
599 924
870 633
483 457
764 641
279 230
856 23
627 871
287 152
987 482
236 188
458 322
617 193
955 567
377 685
27 251
462 178
599 561
601 146
230 188
766 649
40 273
217 806
956 575
638 463
125 789
111 907
507 633
98 172
849 70
579 240
228 482
9 87
587 765
930 378
490 31
99 341
935 789
990 911
681 769
44 378
464 195
181 347
744 533
602 711
653 272
912 449
162 800
732 372
753 150
492 190
754 169
115 704
149 200
244 996
315 636
603 538
88 136
83 207
9 525
846 167
202 589
424 138
632 868
617 189
212 903
28 961
582 877
567 929
289 138
491 271
491 850
92 140
807 72
644 702
77 875
372 125
609 715
672 782
801 23
160 334
198 138
698 92
647 539
718 422
365 966
276 42
204 575
336 928
994 17
445 888
748 631
821 274
495 758
163 5
573 39
630 631
216 375
970 377
61 243
9 290
228 178
377 624
823 926
956 127
205 908
591 242
833 605
541 400
601 156
945 713
51 520
929 661
29 695
109 258
812 530
791 281
955 690
500 263
837 268
323 530
589 391
739 686
731 926
623 233
27 574
972 586
771 826
3 324
477 261
703 714
818 924
136 153
407 115
389 644
502 311
394 132
469 123
508 42
642 53
565 294
917 962
901 792
939 375
278 713
318 319
502 422
967 226
252 39
74 771
731 738
515 334
780 366
422 914
27 821
917 225
460 325
657 843
323 276
144 930
714 89
492 824
400 897
679 510
511 269
223 696
977 332
331 863
423 700
944 19
926 391
894 41
106 169
435 643
89 298
123 64
163 418
550 562
972 475
224 180
788 865
465 875
66 527
7 647
90 798
56 930
309 48
756 466
148 325
847 851
666 717
673 911
902 47
756 911
959 426
137 359
891 816
970 66
838 455
725 384
861 297
38 929
537 743
83 763
848 802
408 612
5 974
727 508
673 595
713 464
389 200
855 250
512 4
627 331
845 384
247 4
870 392
891 206
13 185
638 585
909 447
128 530
536 825
3 434
61 173
227 35
501 491
584 112
623 364
572 836
72 311
299 127
887 662
583 377
623 38
378 382
401 118
494 238
828 685
395 52
615 649
890 364
758 328
262 139
394 488
553 706
459 536
76 250
976 40
460 153
388 206
408 79
834 375
943 902
802 181
674 803
837 789
894 872
318 100
862 153
386 996
223 138
638 832
578 391
719 132
511 40
615 469
818 803
31 530
621 483
492 796
640 750
288 947
219 985
236 921
262 202
350 694
762 193
648 382
371 130
797 930
686 640
160 990
640 40
552 218
274 503
162 39
829 484
88 151
927 32
956 938
438 47
84 991
231 397
711 135
548 752
806 468
627 169
275 108
115 54
991 576
902 652
462 265
22 302
377 598
344 826
412 211
927 833
235 298
56 968
737 471
869 777
260 399
760 816
505 342
11 288
137 427
108 305
948 934
340 720
281 183
524 213
301 257
122 885
238 661
289 652
414 846
952 369
872 149
971 66
955 389
828 118
983 117
762 254
232 191
904 294
608 744
474 307
526 214
238 566
593 402
660 420
43 580
854 333
137 116
29 190
992 124
556 362
505 819
955 288
515 507
277 566
420 375
993 621
776 138
462 884
266 406
323 219
344 884
215 516
515 258
742 173
955 663
461 377
262 289
318 450
196 144
637 693
159 779
565 835
160 401
343 899
145 195
787 236
943 155
420 963
584 326
739 592
141 930
577 192
748 366
923 662
727 889
114 516
820 364
380 817
842 817
987 924
542 40
938 787
777 521
246 814
245 905
393 816
623 928
51 812
142 974
793 2
681 857
667 423
351 907
706 646
501 624
431 500
896 910
417 464
397 207
71 504
860 854
992 551
963 240
886 978
411 104
727 123
178 949
386 517
381 112
202 456
310 633
424 269
189 957
995 118
410 456
279 348
77 715
384 177
106 659
546 45
886 800
606 348
71 542
275 793
938 193
354 879
669 484
724 196
482 571
735 878
640 42
106 255
320 257
839 533
599 531
257 346
477 905
99 468
429 172
228 251
908 837
908 276
344 269
823 571
238 436
147 810
3 670
866 516
481 63
83 936
191 748
925 850
506 628
527 514
227 607
197 998
530 307
946 177
400 520
771 84
838 157
774 821
444 195
480 294
420 388
681 651
262 759
428 190
449 284
285 323
431 676
718 79
515 844
822 106
590 573
168 334
403 626
506 620
506 81
652 539
579 525
66 31
114 120
967 760
126 253
971 256
551 153
665 334
22 424
649 991
337 909
892 102
439 890
602 492
730 421
72 185
548 493
728 931
165 298
735 775
351 179
873 297
531 816
645 863
515 297
780 360
727 596
204 458
224 835
868 532
666 44
650 434
451 969
599 644
672 758
964 7
231 117
796 635
900 195
181 283
713 918
554 173
846 206
426 857
260 784
965 471
997 404
623 112
674 428
72 225
676 738
199 214
565 771
111 79
168 793
759 446
887 720
338 12
266 881
11 325
106 935
51 359
436 299
84 430
38 35
385 69
993 723
170 379
372 211
818 575
950 327
356 960
388 911
126 269
199 425
186 682
90 470
900 41
938 868
868 531
652 825
462 953
410 675
88 602
106 857
603 141
472 953
296 369
291 530
388 156
771 284
719 169
504 132
358 817
339 181
32 854
414 250
687 450
255 434
233 157
239 468
829 777
208 790
886 112
246 933
327 631
372 989
29 158
925 908
909 7
741 505
416 612
537 616
925 702
666 268
43 752
617 653
137 416
232 984
191 520
559 306
566 155
345 261
878 153
182 70
951 705
735 666
848 412
946 494
952 452
267 466
81 9
55 324
419 975
645 695
556 282
423 815
762 986
232 758
881 327
31 144
217 569
860 341
623 747
38 194
295 543
962 757
197 715
940 157
475 292
800 520
428 457
883 218
285 112
505 535
307 489
713 80
955 179
373 810
939 418
246 559
11 61
653 454
158 369
768 656
327 799
254 773
797 153
955 226
831 960
705 97
959 97
728 259
451 524
896 655
913 743
481 503
476 73
630 752
948 845
963 188
68 259
246 332
640 867
827 547
361 369
973 406
14 779
81 904
648 989
965 254
27 119
32 979
768 402
165 793
990 890
538 587
519 466
260 547
743 348
601 136
840 517
340 974
307 21
364 597
364 34
59 379
978 802
565 369
776 918
706 469
857 639
693 1000
359 281
696 814
490 21
155 17
771 669
495 996
248 946
832 808
944 877
526 491
630 903
126 954
710 301
130 991
277 924
295 525
560 994
668 323
137 330
586 279
956 585
119 517
361 606
214 360
626 808
770 389
864 104
955 566
37 261
78 395
462 433
320 352
854 13
977 469
964 869
14 484
182 922
201 118
297 656
113 287
477 726
403 559
98 173
423 656
465 12
746 151
50 853
384 540
814 125
524 306
257 738
107 873
724 331
975 55
725 694
49 576
964 241
713 439
416 529
381 257
845 615
330 123
208 782
615 125
211 212
13 771
259 808
180 311
970 740
664 903
973 382
205 281
73 471
580 686
601 551
555 269
615 258
878 750
955 265
351 810
300 450
564 791
820 155
285 306
68 934
106 369
659 765
951 971
860 759
772 888
990 119
311 23
386 769
131 661
554 183
389 207
598 797
602 42
215 507
51 941
128 957
791 548
250 83
760 200
902 903
743 815
946 527
928 14
31 974
756 199
309 1
418 375
584 895
295 837
758 296
558 494
779 463
564 879
992 760
827 675
291 226
845 397
632 113
6 220
98 789
542 802
248 869
148 985
304 864
840 393
215 78
659 185
201 702
736 362
130 825
185 322
439 91
424 91
758 458
796 211
671 796
963 751
103 206
894 821
1 759
645 941
171 630
335 476
246 571
601 640
945 867
858 273
550 604
698 720
823 102
255 213
862 455
222 493
225 2
99 687
336 11
796 4
318 399
515 904
818 25
945 615
403 242
491 835
61 150
296 254
48 496
9 4
734 580
546 655
691 60
68 479
795 395
948 859
843 685
197 699
419 578
3 332
594 460
43 805
870 651
963 932
189 574
49 619
599 333
894 363
635 273
829 824
767 755
534 327
370 234
65 824
263 937
692 45
108 533
448 697
805 133
608 924
590 211
590 743
8 832
443 969
301 422
322 45
586 52
645 817
608 9
399 83
147 42
379 557
223 383
408 73
227 271
891 193
319 808
845 440
103 570
875 549
628 73
462 919
758 553
954 521
132 624
866 759
711 300
740 631
141 743
82 828
543 985
505 838
767 286
792 116
643 731
1 180
595 689
841 857
80 874
179 131
65 151
356 434
507 176
913 136
913 916
669 693
19 322
112 736
277 485
171 814
778 573
946 395
59 153
855 242
65 121
804 573
1 824
952 701
681 980
729 525
794 809
832 302
8 363
207 21
134 800
618 441
570 140
124 885
644 581
894 266
508 193
292 376
93 910
197 570
205 31
116 910
872 879
338 55
925 401
546 189
603 961
802 19
198 471
71 268
952 614
681 104
76 268
719 416
37 673
702 125
939 349
651 343
562 477
249 46
562 689
341 912
917 209
548 213
795 231
698 806
169 218
575 139
649 192
137 558
599 746
397 738
505 210
583 955
33 48
651 837
964 473
96 139
256 108
865 229
259 530
630 466
388 633
279 876
33 971
231 936
740 310
779 208
664 136
758 923
905 117
174 903
304 226
396 799
163 636
438 520
76 810
442 455
505 606
408 128
254 191
339 488
431 539
710 681
149 551
970 420
733 200
556 327
422 362
888 805
589 455
260 763
160 258
742 931
134 267
33 851
358 279
506 132
732 987
767 953
971 399
919 994
238 130
495 90
373 980
261 825
528 490
983 942
872 366
512 153
197 556
291 20
684 646
251 558
646 308
43 186
427 596
580 406
338 41
881 717
302 255
30 697
429 489
262 689
736 695
511 700
469 862
518 169
666 302
774 71
858 257
667 265
65 122
29 218
263 454
758 438
88 773
696 655
824 324
551 819
385 233
773 960
886 646
260 738
959 533
964 957
217 797
232 830
275 787
591 340
369 957
147 626
561 286
742 425
780 902
580 255
621 316
359 229
488 662
929 324
381 344
753 791
676 575
519 669
811 961
72 140
289 410
143 926
590 135
59 902
872 131
408 142
745 784
550 53
180 898
984 961
608 133
198 305
626 308
679 258
565 305
116 279
319 930
118 685
856 273
795 542
948 354
197 50
911 863
398 461
71 537
2 503
240 539
61 685
96 228
816 468
100 149
542 911
122 941
232 336
875 364
657 177
857 604
307 789
326 57
791 724
898 230
772 329
493 525
145 342
939 296
706 219
562 366
564 171
431 852
659 89
109 242
990 645
477 57
956 391
740 340
246 437
481 709
410 559
232 249
486 809
250 814
901 42
882 645
169 611
995 95
331 193
359 816
147 216
712 391
87 844
886 183
111 549
135 834
437 813
459 230
979 9
817 297
674 402
196 357
78 375
16 584
950 560
103 961
717 690
702 177
832 176
44 305
119 879
27 990
992 110
302 547
668 801
729 296
287 384
986 844
103 325
311 286
980 474
467 465
418 576
755 323
648 519
96 708
424 397
246 586
542 423
984 795
948 311
287 765
756 499
601 749
22 223
927 832
846 985
560 616
567 265
619 23
411 236
735 525
162 771
978 737
531 374
146 530
740 183
330 640
441 54
22 416
405 24
23 985
541 230
979 562
275 497
854 963
593 30
222 541
951 125
989 661
497 692
26 229
383 765
764 750
66 825
318 676
638 19
33 125
986 162
467 778
293 126
645 233
611 114
632 72
722 387
280 402
500 696
858 989
621 655
252 470
487 914
430 456
275 815
238 161
810 315
404 530
522 353
64 206
256 549
706 805
319 213
585 633
929 916
343 857
141 470
270 156
550 425
41 132
344 482
354 744
705 176
355 84
390 128
346 796
78 44
34 269
180 348
159 920
199 95
237 424
809 654
295 61
26 563
811 260
134 133
543 747
371 47
614 468
818 316
184 880
95 720
385 689
6 693
481 271
602 887
544 43
780 388
601 46
657 697
196 707
160 292
804 2
933 540
319 443
664 661
312 607
646 814
830 492
813 332
492 780
11 862
585 610
323 23
70 545
107 892
29 629
645 897
459 26
438 805
665 524
190 926
393 530
285 79
802 91
288 130
473 637
77 418
526 234
498 130
184 410
393 54
321 561
317 457
913 853
54 521
861 183
679 874
95 729
979 460
443 457
215 165
971 174
400 831
849 736
135 857
232 337
919 311
217 513
968 668
992 611
31 620
614 750
458 399
355 66
321 483
601 798
643 598
841 29
380 503
590 824
585 248
439 707
886 777
942 527
486 737
400 935
426 340
664 809
847 918
648 120
831 391
807 613
355 877
187 155
321 269
512 1000
178 219
891 570
623 220
951 387
22 936
710 488
614 790
99 400
617 581
320 8
941 655
858 857
686 521
573 669
90 824
895 18
956 592
578 58
419 192
939 258
739 208
354 900
582 369
857 832
251 329
733 152
326 598
385 619
638 649
614 133
770 384
339 575
621 738
515 576
359 536
642 693
771 161
919 887
774 341
323 203
271 701
335 605
584 496
50 850
413 302
948 274
715 57
607 127
889 375
259 600
405 468
735 117
328 587
285 712
524 507
729 229
999 169
345 582
345 57
290 449
102 353
38 244
648 776
78 352
228 530
355 547
512 605
676 267
589 982
805 233
113 619
386 41
452 458
958 867
134 844
559 533
356 209
946 484
11 502
664 314
603 112
855 919
171 392
808 18
275 662
937 255
755 892
408 971
98 750
445 880
190 313
228 491
959 687
896 661
986 596
128 527
219 53
579 375
627 180
918 58
867 203
478 765
452 942
711 816
159 66
768 457
733 121
994 657
962 797
504 119
812 34
72 566
678 522
950 912
129 975
33 298
405 260
588 198
462 629
567 699
321 938
599 425
568 469
328 932
734 155
312 659
403 393
350 79
225 121
832 911
760 604
634 960
653 259
431 800
766 264
861 465
651 883
544 130
620 493
536 376
628 297
349 899
618 834
62 63
725 780
304 690
854 21
497 987
584 537
381 877
927 605
571 155
459 488
223 595
459 578
625 131
390 960
778 697
329 649
818 903
530 765
345 782
617 380
952 705
215 784
93 836
5 264
617 173
121 523
104 461
822 630
753 349
950 794
615 850
848 119
294 862
558 172
774 98
462 477
584 252
712 49
840 70
309 799
159 821
695 647
57 348
679 585
38 339
847 539
6 530
632 669
842 161
597 960
943 52
674 469
532 552
696 517
933 947
526 935
864 106
186 254
497 377
81 439
295 96
266 765
251 771
452 640
822 259
317 598
643 57
499 880
722 440
390 586
403 395
891 902
602 226
137 170
567 117
733 418
732 941
755 973
339 164
259 551
595 449
315 700
794 844
984 770
946 352
506 302
966 296
770 530
401 330
86 879
713 255
97 782
918 624
759 457
173 998
234 276
928 752
582 685
224 71
472 225
967 331
570 45
810 272
20 21
956 627
169 282
336 550
85 487
173 450
658 313
504 871
860 386
32 89
677 876
902 566
720 700
976 598
495 230
460 4
405 645
357 566
356 514
506 781
786 916
452 235
143 748
384 91
658 712
776 215
794 138
715 714
321 529
159 827
823 174
612 763
754 969
187 645
667 415
39 953
210 436
686 930
362 523
105 148
398 581
98 512
257 58
973 420
828 892
595 272
545 744
802 982
486 343
982 790
767 802
949 161
199 619
239 133
204 425
386 4
43 422
6 371
210 832
821 641
653 66
32 282
131 297
269 161
469 374
970 269
964 312
899 692
852 423
572 675
475 371
875 353
722 902
239 303
232 679
472 662
341 300
823 167
40 302
632 690
65 652
912 480
11 41
754 758
728 668
855 1000
848 378
969 348
490 242
879 636
36 314
538 619
594 252
22 381
81 983
137 965
373 236
141 957
907 364
759 121
33 532
638 646
107 48
13 758
147 211
479 659
388 815
61 415
66 421
762 252
428 536
88 633
251 333
329 188
995 148
518 39
19 448
294 177
792 704
481 926
295 214
411 616
483 867
598 729
126 850
712 45
105 897
984 110
109 953
719 682
741 531
43 768
928 966
634 677
674 758
265 286
429 377
287 404
144 174
474 83
584 491
567 463
99 610
978 86
136 578
619 702
543 836
106 429
822 954
72 21
74 812
881 692
531 167
457 10
476 226
810 181
131 969
480 298
760 535
323 932
341 333
226 924
309 910
219 272
511 582
365 439
849 348
351 425
413 441
712 325
390 705
334 530
901 516
908 6
506 905
858 418
651 940
453 367
698 11
437 37
113 108
864 494
175 712
99 465
373 530
836 509
111 604
251 601
822 184
488 267
476 353
938 563
257 824
82 26
617 234
473 66
233 158
51 131
381 441
295 111
288 748
112 781
645 253
62 203
537 483
47 183
857 127
927 740
142 153
589 879
491 185
807 18
735 561
567 380
977 408
373 618
372 851
780 957
681 990
845 300
791 933
477 370
617 527
906 103
778 816
582 587
505 633
740 983
933 857
145 940
718 858
442 932
222 702
426 192
154 461
925 186
673 193
194 273
323 344
19 533
309 879
573 328
511 818
612 466
919 369
137 585
982 884
301 838
621 231
966 503
386 529
290 57
71 529
349 820
257 288
115 20
979 8
262 644
835 322
84 876
216 434
179 294
968 172
396 941
237 36
365 570
627 795
973 496
494 806
703 219
970 158
172 657
854 680
832 382
31 52
452 578
919 809
491 236
881 17
493 843
237 543
923 155
372 643
191 73
301 761
855 54
67 173
108 985
144 34
329 471
237 326
993 467
795 238
208 596
734 607
798 377
506 819
899 73
233 620
381 241
795 118
93 114
956 779
858 408
478 195
202 730
431 284
786 893
414 877
474 587
515 510
990 741
112 596
693 314
698 458
387 401
315 604
113 372
997 40
228 288
671 988
28 789
487 687
411 665
182 187
572 887
204 364
404 286
667 77
338 775
764 751
907 641
946 19
895 569
401 496
506 777
554 3
479 375
349 24
377 746
524 820
84 342
361 844
412 144
108 633
227 957
551 536
74 364
990 605
490 460
476 117
591 299
944 890
852 851
975 152
464 244
971 445
804 769
895 799
540 30
497 723
780 883
7 428
579 650
681 816
231 850
97 700
235 64
399 244
146 669
454 482
934 23
627 547
574 549
865 485
977 173
280 363
355 785
484 446
795 587
175 460
396 47
329 449
59 367
98 139
210 626
909 890
137 55
181 267
123 138
473 936
451 92
696 802
288 799
474 487
882 574
477 890
683 563
939 134
886 164
501 798
338 109
546 371
288 207
416 404
877 942
197 753
237 309
915 113
310 463
440 282
719 668
818 700
406 425
47 221
716 34
591 922
975 207
546 226
837 470
602 560
948 913
164 203
186 757
561 707
320 687
725 507
228 520
646 34
56 497
786 580
364 600
776 753
717 471
488 652
389 540
528 429
893 517
215 164
933 456
860 191
770 102
735 392
94 85
829 595
59 664
705 685
963 961
228 740
580 46
263 825
820 605
651 865
767 728
642 921
917 358
403 330
778 73
202 756
339 306
762 54
209 539
434 332
198 509
436 981
862 489
488 892
993 398
222 669
595 229
63 86
11 52
181 273
109 610
364 489
807 87
756 525
224 169
830 666
979 188
427 267
586 376
970 963
858 93
973 99
237 112
40 692
679 420
683 90
611 521
832 357
668 302
580 21
490 745
822 254
591 332
202 766
901 176
225 311
243 656
735 378
564 328
524 166
287 893
534 229
755 182
629 806
741 700
792 496
901 281
727 946
873 839
928 97
718 59
736 20
718 228
296 817
256 372
776 586
668 99
534 985
321 261
408 742
249 729
822 70
680 657
218 752
737 576
238 834
573 357
114 897
689 697
266 223
245 847
871 64
413 552
70 523
198 604
879 597
553 54
956 616
168 425
939 705
262 920
283 254
564 552
894 711
562 359
19 765
628 525
673 690
956 735
506 358
187 244
834 255
764 380
215 194
288 450
861 726
678 52
381 940
878 150
882 723
59 139
847 466
647 209
959 158
335 549
800 765
196 288
394 927
714 1000
702 240
642 390
293 773
111 2
510 942
901 17
43 354
478 738
726 985
285 417
126 639
714 308
608 799
742 652
992 521
111 115
774 538
684 233
939 371
265 141
263 494
740 241
837 517
478 28
364 557
3 123
293 615
664 69
956 3
628 348
615 264
302 117
359 689
394 823
803 455
659 330
716 924
56 245
698 300
864 215
439 207
205 481
99 313
522 523
96 991
302 307
88 518
875 994
676 17
201 700
572 405
590 44
496 480
811 118
852 712
762 7
835 748
949 547
488 613
11 645
217 983
822 195
552 430
374 138
609 758
955 494
849 39
703 836
227 737
319 79
424 92
801 690
987 458
695 885
328 93
588 542
37 352
518 91
205 265
152 352
562 628
9 844
76 350
432 235
931 844
124 891
950 726
608 441
772 817
710 918
740 174
777 375
724 157
526 90
529 857
837 800
894 260
417 138
584 500
227 128
518 974
997 31
227 812
87 131
196 421
949 279
808 234
935 914
111 623
918 371
849 597
643 905
872 327
856 844
85 550
249 597
285 36
214 138
531 692
658 496
881 655
469 636
894 994
115 188
687 884
999 518
301 879
927 538
416 172
948 701
773 374
734 305
662 296
115 45
246 650
141 52
196 305
952 850
506 303
284 213
567 830
783 877
875 87
809 482
939 940
459 738
975 576
617 553
544 263
447 620
428 850
929 851
531 3
164 760
146 31
946 874
276 177
591 975
371 757
541 166
725 313
429 652
644 49
778 737
162 383
272 30
386 705
367 865
668 949
864 233
579 73
62 703
707 926
486 598
51 608
379 191
971 844
70 200
793 893
761 843
558 191
983 296
215 87
783 874
868 126
112 571
94 42
296 125
78 213
390 795
389 764
467 244
340 539
839 884
971 682
770 454
826 155
510 640
100 904
169 258
480 430
885 892
872 992
872 437
856 467
871 697
69 686
603 39
107 58
195 153
262 209
897 969
311 737
829 953
367 878
912 899
134 325
742 942
532 509
178 717
771 657
986 84
199 353
730 819
552 330
387 62
723 133
429 103
877 704
506 305
214 325
736 707
383 23
292 830
496 268
668 226
214 942
582 5
762 984
358 636
198 534
948 929
346 156
440 932
665 736
635 700
22 485
941 563
873 133
505 419
11 248
948 539
426 367
546 19
336 676
635 911
621 869
858 98
107 448
752 374
250 364
235 15
827 843
71 328
496 436
995 986
134 463
118 704
619 998
233 378
712 46
431 182
779 489
107 208
807 571
919 534
60 156
722 379
74 869
246 143
407 596
802 630
505 622
35 947
913 567
515 263
582 757
858 546
495 143
79 332
501 825
870 73
873 315
601 273
858 250
51 901
513 40
787 241
329 118
35 306
973 450
582 651
886 841
227 9
869 474
767 307
216 961
961 806
857 552
788 283
93 102
518 457
422 498
869 299
599 150
186 30
380 931
1 357
184 195
839 629
76 113
795 746
506 464
135 715
906 125
67 740
339 267
475 347
811 741
496 862
133 844
898 434
129 47
544 402
653 592
339 69
48 865
467 80
710 665
288 208
436 456
681 466
644 738
648 539
3 689
385 720
337 239
320 161
185 332
11 557
87 697
583 495
341 697
951 331
259 523
166 757
491 355
499 312
465 760
979 697
379 862
513 426
808 720
842 707
717 469
845 224
549 261
519 660
939 298
465 265
317 744
761 790
250 701
742 998
416 941
713 905
716 659
951 105
789 382
848 283
900 748
793 430
569 562
445 611
242 509
727 923
915 617
839 418
513 831
753 402
112 773
70 333
779 578
338 722
502 751
928 498
506 809
982 366
802 429
767 598
322 914
474 267
883 963
810 311
4 130
124 914
341 148
469 79
986 532
950 461
76 781
530 523
702 183
596 670
703 218
462 38
262 963
598 425
304 128
621 445
414 325
948 584
160 613
657 790
622 790
666 844
648 207
724 503
265 206
11 478
710 455
414 937
753 990
787 699
202 946
494 155
144 342
958 383
728 300
710 396
841 151
723 498
586 540
76 949
221 188
166 743
542 686
281 434
601 54
11 233
912 797
896 556
99 288
220 244
293 282
901 821
496 303
955 869
676 717
210 395
429 789
11 326
621 438
434 183
1 566
807 865
439 348
684 167
831 517
336 61
796 470
887 578
637 129
254 922
822 903
982 229
474 817
200 540
36 469
919 877
915 650
500 205
565 510
429 55
771 662
692 707
507 600
202 166
202 780
703 9
795 592
901 38
262 34
245 874
835 646
341 166
400 789
76 613
878 503
625 689
662 30
77 918
609 187
997 491
304 617
854 198
416 269
967 199
622 557
936 947
197 543
95 471
443 926
189 195
62 740
599 329
356 897
838 688
752 876
948 717
254 332
842 517
44 348
97 620
577 186
722 965
923 281
724 545
130 212
107 410
602 48
719 67
937 18
968 669
331 850
99 356
265 474
709 393
997 60
803 259
199 193
129 397
937 488
169 675
77 923
632 303
400 450
689 514
854 690
502 327
106 97
531 64
740 297
971 626
915 481
22 769
756 219
994 378
961 581
122 799
775 366
445 536
63 40
319 946
386 418
32 153
910 36
120 284
770 400
420 784
774 788
166 697
595 281
61 2
354 12
465 23
32 607
56 776
693 924
414 557
952 376
730 918
848 618
766 406
582 286
564 692
928 141
866 480
159 428
338 191
326 962
111 680
755 3
833 240
459 21
756 633
704 707
228 628
878 482
771 922
429 768
618 962
766 571
869 750
71 325
210 103
969 174
308 342
915 486
990 878
55 636
810 240
133 914
858 521
762 194
528 833
337 733
60 641
312 640
558 40
196 54
351 54
100 42
227 930
429 34
160 730
237 97
531 880
658 536
859 69
809 630
147 558
866 170
367 540
902 436
65 723
390 663
190 624
357 960
673 455
763 926
201 831
52 463
569 739
696 469
81 551
346 793
113 751
786 487
114 333
857 325
560 42
709 12
51 657
245 548
753 98
881 53
537 576
942 342
219 751
703 372
355 218
390 885
653 42
515 903
698 693
399 397
971 4
113 827
166 230
22 123
457 54
43 930
248 186
48 962
486 84
394 917
345 142
286 893
970 769
270 340
275 256
594 917
422 58
830 391
827 219
796 645
886 659
358 18
87 127
732 779
491 639
592 707
555 457
791 552
390 980
502 562
515 316
474 877
110 514
592 850
735 874
612 960
919 452
666 399
908 603
429 131
984 197
144 936
399 991
346 969
237 283
38 771
160 873
467 622
614 911
27 680
104 857
972 376
303 527
577 161
606 876
535 176
403 499
830 398
849 624
928 69
429 421
912 887
802 10
107 192
913 21
767 877
237 498
202 84
522 958
956 608
754 49
724 167
740 415
795 489
7 855
515 915
