1000 9906
836 317
530 640
983 62
640 64
683 418
612 260
802 125
369 301
510 839
77 864
406 830
668 389
150 916
820 248
858 55
821 161
915 36
754 68
592 119
167 371
781 755
930 507
768 450
990 699
166 41
39 309
669 926
818 632
636 215
543 869
303 128
568 111
970 399
436 487
739 198
557 94
541 324
579 913
336 843
237 269
184 487
776 43
175 43
455 747
312 523
925 967
231 320
221 426
739 309
649 541
654 302
927 360
148 763
311 345
506 404
685 428
445 993
379 975
394 467
503 797
788 971
36 80
289 186
790 169
49 406
819 651
213 664
415 60
257 182
354 644
315 855
46 504
103 249
604 290
126 42
955 72
371 129
249 881
516 655
441 307
940 947
184 991
604 64
932 735
510 423
613 286
337 19
284 574
996 874
712 33
784 478
125 212
292 717
834 588
873 242
391 651
370 743
6 486
850 285
893 320
161 15
532 106
920 972
116 687
299 600
470 271
367 990
833 430
617 279
51 409
33 166
146 465
758 919
238 873
738 578
134 759
342 906
951 792
473 201
353 419
668 62
796 107
838 746
341 322
839 71
2 480
365 444
44 875
669 644
943 101
212 465
857 924
787 969
903 699
45 591
969 985
729 218
896 907
342 711
112 244
634 89
653 993
639 200
115 548
886 307
10 664
118 681
807 789
10 320
183 999
301 24
144 477
91 682
201 156
37 622
644 538
278 776
814 942
743 124
755 658
702 911
850 130
747 278
215 276
272 448
756 104
7 22
391 969
927 171
362 843
974 82
668 777
686 454
64 977
29 833
357 116
553 299
416 394
713 484
147 266
720 440
239 112
497 881
594 417
924 722
858 346
944 93
299 84
137 433
694 895
260 329
25 708
872 33
201 864
380 264
19 34
333 702
671 225
839 372
307 799
959 815
913 387
52 969
921 904
811 364
596 526
9 826
673 259
605 840
147 676
153 679
192 843
69 539
285 718
623 624
807 585
403 639
761 427
446 547
692 831
473 967
277 575
585 302
763 482
165 874
204 704
387 288
217 650
931 703
364 510
149 742
889 41
516 900
92 272
496 925
462 134
64 369
687 459
211 386
636 548
128 990
520 548
996 765
64 736
196 485
287 974
658 718
953 550
41 720
975 381
999 331
98 506
660 411
291 280
78 112
618 109
176 200
485 82
270 646
609 358
25 789
851 417
285 475
270 561
897 363
920 102
152 400
318 285
673 882
67 31
30 401
215 911
487 874
309 70
241 272
133 936
946 941
659 304
570 861
163 641
705 562
371 546
29 248
454 623
792 382
321 186
820 148
415 848
342 208
60 513
212 708
854 127
69 733
730 185
622 907
215 563
915 342
455 369
496 110
632 970
320 156
504 617
489 582
96 715
960 428
335 348
85 406
834 397
999 965
321 742
88 23
786 296
222 166
978 576
232 930
853 256
191 873
514 446
827 941
477 108
776 509
787 398
999 171
788 816
847 471
650 817
226 415
709 466
140 979
720 949
131 656
373 461
214 986
475 277
450 939
673 722
544 681
818 477
644 636
56 716
721 686
499 8
962 688
599 709
700 783
738 759
461 124
483 540
444 782
484 291
177 653
250 973
845 214
239 59
869 208
542 846
581 748
431 917
858 355
113 664
366 186
774 109
816 494
560 473
265 179
956 202
142 715
18 429
73 942
224 79
856 565
977 128
685 719
688 381
321 356
428 568
648 987
920 864
759 327
595 670
530 419
732 818
753 298
937 419
664 357
21 936
961 293
281 987
288 73
289 480
582 222
716 9
204 245
636 208
378 192
86 241
326 288
199 50
847 966
14 858
479 450
209 730
139 783
840 912
179 62
806 105
645 293
903 961
563 164
946 356
250 105
930 550
348 526
511 66
131 48
544 183
840 846
828 247
195 530
291 775
944 619
510 307
193 682
547 423
127 865
148 474
7 353
749 838
719 18
171 600
361 94
175 844
949 537
223 773
340 153
382 256
171 745
577 878
965 271
223 661
758 734
56 969
67 441
195 140
909 760
513 55
205 27
99 1000
134 25
673 841
676 596
642 580
238 413
495 310
475 57
190 256
972 850
795 715
834 879
726 289
198 654
570 789
511 605
275 115
630 653
621 227
322 170
124 226
696 995
220 781
721 368
971 866
889 737
388 637
164 744
1 925
459 941
23 292
977 680
395 645
696 176
221 747
10 980
887 346
857 995
15 702
145 495
441 234
368 240
994 28
982 853
415 364
361 538
88 382
567 638
14 618
873 47
886 304
706 938
466 455
822 552
719 208
866 804
284 784
88 412
453 364
744 636
284 685
941 199
814 943
980 403
504 460
358 475
875 847
72 176
537 458
3 546
48 137
872 614
569 586
362 840
368 773
556 192
746 210
177 725
768 976
841 702
475 1000
253 299
43 172
376 595
51 681
509 649
440 496
538 617
78 422
940 325
707 82
232 114
507 424
660 964
211 250
574 646
904 494
877 815
290 737
178 465
144 690
363 582
237 33
627 681
369 233
454 660
544 307
725 493
839 405
491 299
697 644
570 762
921 824
4 228
408 997
166 969
821 555
952 822
516 95
203 332
614 878
356 678
714 848
843 188
546 804
960 496
249 924
446 947
430 20
452 692
895 224
252 870
10 691
766 663
933 276
59 363
116 360
782 587
413 726
145 646
701 649
101 592
489 235
900 817
281 860
54 861
39 507
275 928
537 309
396 736
550 961
457 918
427 826
203 487
672 863
345 853
16 915
552 741
760 904
244 281
300 475
29 691
347 16
993 518
336 271
694 62
54 153
848 362
738 818
228 132
321 494
211 942
220 544
579 123
198 839
930 457
950 758
73 770
595 645
962 128
835 146
775 706
234 791
553 997
242 266
423 803
561 646
319 658
748 512
87 406
249 72
643 756
695 727
666 831
630 612
173 797
714 515
52 942
554 104
673 713
920 594
557 867
118 187
728 411
691 273
782 120
431 10
627 931
978 799
743 541
389 514
895 934
201 355
308 630
58 769
990 910
209 927
943 28
804 917
875 314
805 27
849 923
41 230
989 551
136 654
232 931
675 611
127 110
681 406
240 834
478 597
351 598
525 29
799 450
969 403
128 669
1 385
261 991
836 581
503 936
44 130
733 459
314 811
408 300
301 95
49 14
180 848
514 112
715 977
475 276
438 152
556 475
404 792
291 740
800 20
979 932
802 951
907 840
822 306
571 254
337 164
769 215
699 146
30 208
250 970
968 145
309 391
458 963
261 292
137 750
407 202
673 940
938 472
258 886
280 290
815 882
962 450
289 20
474 24
661 308
316 715
812 320
100 114
238 224
366 405
833 448
850 542
262 688
85 371
365 451
109 397
223 133
26 835
498 900
778 722
239 253
217 980
327 107
330 733
422 133
833 226
104 418
273 5
570 707
458 933
791 681
333 935
320 330
818 713
835 573
639 611
450 709
456 922
809 922
307 408
941 137
479 338
339 839
748 153
257 712
476 500
701 13
636 550
913 5
550 498
39 891
867 330
80 872
212 157
248 361
141 312
489 317
453 230
326 892
679 824
996 576
885 227
210 989
619 59
984 716
589 735
383 714
511 385
993 130
154 342
779 267
317 712
340 543
803 129
645 922
478 869
390 507
449 861
488 997
859 662
182 121
849 476
333 195
483 682
546 468
820 747
987 330
231 131
247 64
242 910
993 590
8 938
924 712
802 44
180 360
343 140
920 95
885 889
561 915
963 3
858 247
414 841
403 56
631 462
323 497
414 984
347 407
422 455
479 242
674 820
826 619
61 320
557 649
856 746
303 305
34 582
74 619
181 661
882 770
496 201
441 568
705 795
268 575
363 379
971 120
330 832
4 1
479 289
118 227
675 844
485 912
839 65
572 476
866 225
23 404
637 178
718 989
735 897
956 978
204 591
832 160
705 214
248 423
688 900
174 915
363 741
862 28
861 347
26 138
136 582
892 46
658 951
899 419
540 439
837 211
92 270
519 523
991 606
279 434
671 860
783 834
365 911
318 811
283 932
713 63
96 23
224 988
352 129
906 702
270 825
202 911
497 533
668 916
426 539
888 162
617 804
154 554
798 371
157 409
485 60
676 875
111 982
186 507
102 253
388 595
725 854
817 299
581 786
267 854
470 819
806 697
863 952
846 142
918 555
707 196
889 681
708 171
46 982
475 608
751 23
116 542
389 472
798 956
410 997
830 442
342 488
955 643
575 170
560 369
215 715
329 872
327 269
899 660
402 996
89 809
392 82
545 124
29 131
88 705
52 36
215 696
275 255
706 217
412 444
74 655
751 715
404 780
743 875
959 958
658 471
416 790
238 613
170 269
924 438
670 694
633 110
792 800
605 616
92 605
827 899
774 910
800 1000
10 811
395 799
434 891
680 127
98 716
80 975
944 564
176 654
802 718
71 515
687 469
780 25
983 610
131 711
633 163
870 144
157 603
283 896
885 84
242 613
336 738
244 491
672 848
158 959
127 542
633 509
707 898
980 662
486 491
54 239
312 506
720 535
58 226
744 413
120 407
358 689
881 612
9 271
488 106
125 779
309 68
676 844
845 18
385 540
704 894
617 179
485 387
267 592
788 150
937 564
664 412
556 858
260 303
794 867
651 694
929 968
214 50
511 532
49 732
636 95
86 120
273 829
276 704
189 353
566 433
290 781
949 799
342 833
291 721
496 17
683 775
553 447
821 925
201 572
352 944
957 237
596 403
959 547
411 201
236 98
739 388
744 533
945 888
486 670
587 193
793 578
809 40
395 938
567 560
59 281
799 678
297 412
374 658
175 487
748 491
398 642
202 259
689 787
197 12
550 512
440 783
906 532
943 595
776 324
605 48
383 678
441 427
244 88
82 79
211 273
693 669
196 475
664 909
868 597
150 508
11 38
954 90
358 614
529 694
732 475
920 84
208 295
363 965
109 570
971 642
733 575
739 702
760 643
232 60
431 516
755 136
593 37
613 42
134 349
285 223
752 642
953 109
521 337
761 948
178 472
299 303
906 285
915 41
369 39
798 662
108 708
19 205
350 793
173 768
129 978
873 736
337 892
660 578
312 816
701 298
445 108
225 19
156 993
106 692
700 742
900 480
494 651
777 379
706 307
856 476
784 585
326 448
473 908
45 616
760 445
32 925
822 800
398 636
365 759
706 725
67 833
691 187
451 702
527 545
253 630
879 806
183 879
261 929
23 198
227 635
193 575
488 697
658 995
199 513
408 410
743 196
896 639
328 145
824 196
526 521
667 960
851 31
410 347
270 947
158 615
288 947
844 191
499 121
7 496
512 574
234 246
237 725
954 143
202 616
242 685
439 837
206 112
12 409
395 483
328 990
610 646
485 568
32 748
674 369
656 652
401 181
27 617
38 744
824 142
958 553
814 589
11 288
12 767
716 619
918 767
794 953
501 819
450 510
658 311
708 199
219 306
564 390
584 348
802 271
289 160
806 463
577 576
223 363
25 670
754 994
587 764
852 334
555 90
986 882
401 200
809 731
402 163
875 871
448 365
467 571
378 226
895 539
491 321
420 963
813 788
541 293
753 903
627 922
530 73
496 263
447 732
396 186
217 499
39 798
245 5
145 271
141 373
81 649
44 539
615 844
721 494
128 852
13 272
260 254
434 807
111 541
314 881
645 731
278 924
637 613
154 911
509 210
511 420
370 568
453 406
267 26
505 635
949 714
876 542
92 45
846 322
477 485
139 36
965 336
569 991
327 827
457 585
765 227
689 633
586 534
551 616
347 54
555 621
25 830
710 749
764 957
67 407
17 894
215 119
509 790
29 711
745 24
954 203
682 523
111 183
522 80
882 724
674 119
693 137
938 288
862 384
817 613
105 411
677 645
646 449
200 609
807 472
579 191
726 178
138 955
159 771
203 147
699 758
403 309
42 31
762 654
178 975
804 879
511 849
421 185
259 274
976 288
674 712
160 445
787 776
401 69
39 591
181 322
748 851
382 593
454 194
844 382
747 591
648 465
633 757
961 190
709 584
990 35
918 332
982 583
841 337
75 921
884 593
406 3
300 514
386 803
876 205
509 404
754 817
849 863
97 18
28 333
524 817
639 126
469 850
225 182
563 858
804 144
241 888
883 441
702 991
81 919
376 181
567 147
849 288
2 809
3 512
379 364
300 70
732 694
451 178
930 417
721 420
167 694
931 405
280 42
465 18
600 755
984 850
309 417
129 219
242 836
298 690
190 508
780 606
656 724
824 534
806 730
574 582
651 971
56 879
126 617
313 128
655 816
522 967
114 834
800 749
907 515
964 363
682 769
167 331
678 861
294 74
226 884
482 490
805 191
783 178
772 417
886 771
227 386
120 800
655 500
658 56
880 360
623 544
882 730
725 112
856 449
490 579
142 328
458 37
475 645
537 195
59 360
719 455
648 348
620 8
72 526
236 257
610 18
293 715
193 594
106 789
254 357
671 555
61 475
743 163
127 846
292 785
990 456
26 124
458 599
997 596
657 339
564 691
112 620
757 372
907 133
410 503
230 220
488 907
270 839
931 11
54 942
651 184
589 492
684 448
591 864
390 63
711 921
486 404
785 835
37 918
974 393
8 543
996 208
579 456
707 159
301 690
201 149
74 768
91 226
807 232
651 836
744 39
952 436
950 579
722 711
319 688
492 164
386 601
739 893
299 716
999 695
805 330
210 54
985 78
790 609
993 239
62 460
382 423
992 685
19 539
20 686
973 870
408 846
339 822
925 963
801 733
790 323
839 653
499 572
409 292
572 157
231 34
678 487
724 161
801 936
514 163
327 2
771 784
495 782
667 963
266 936
233 283
180 822
680 342
59 115
1000 657
388 764
654 878
16 846
806 62
555 755
862 525
138 856
605 362
589 400
520 51
295 261
777 542
903 74
655 549
551 980
793 292
815 931
727 247
872 930
626 998
828 890
67 216
909 319
553 769
777 841
81 308
997 238
543 662
664 469
350 984
337 723
670 303
940 285
264 178
990 520
863 282
114 263
422 84
609 323
338 915
469 39
744 763
294 914
479 402
852 600
530 980
398 140
570 741
757 549
152 822
796 103
937 207
529 501
912 507
416 746
37 214
627 778
424 37
706 647
321 675
123 1000
913 880
236 329
753 625
862 429
225 56
815 917
735 898
192 303
378 534
490 460
297 612
279 460
12 201
585 153
325 414
816 308
956 272
962 981
745 451
227 884
690 324
675 488
246 245
791 454
615 130
388 964
845 953
828 585
431 872
676 582
29 861
929 343
90 861
516 909
132 602
427 14
104 913
722 505
284 316
551 222
494 149
226 527
869 503
137 6
393 108
573 143
755 496
318 214
526 987
251 17
678 822
299 647
801 345
532 479
860 828
772 462
886 804
800 469
346 601
610 954
772 93
520 398
917 615
184 853
855 744
895 911
36 720
511 950
243 705
45 542
818 798
356 673
819 11
235 944
861 924
221 381
204 621
98 488
425 872
852 193
841 336
727 880
639 232
84 777
783 819
550 358
790 85
719 177
336 966
980 323
768 627
567 893
491 918
789 413
183 116
576 464
211 375
625 773
220 511
349 669
398 439
817 107
951 423
270 795
254 778
242 754
8 774
957 847
318 551
581 867
582 452
505 880
173 760
94 974
384 25
895 845
668 664
116 973
301 589
910 581
693 379
567 792
972 774
331 865
526 661
413 420
949 18
868 70
831 82
592 843
472 826
990 561
226 642
9 120
372 900
411 828
284 38
639 874
604 767
790 888
61 820
652 889
174 525
854 115
892 290
565 196
624 640
566 551
164 547
351 159
236 205
455 365
922 578
139 884
605 729
363 210
718 1000
937 7
689 678
852 886
948 385
554 792
447 771
49 720
856 224
398 529
729 391
468 349
383 322
844 976
776 624
487 480
728 173
991 912
775 743
980 359
140 862
386 506
153 29
615 117
58 433
585 34
721 674
738 512
907 21
46 707
340 996
146 833
54 94
797 403
868 550
25 836
483 512
391 781
341 674
116 946
194 964
712 153
110 208
113 668
278 312
446 246
626 850
913 369
171 77
462 636
176 421
33 44
677 715
982 230
547 519
308 17
21 412
312 980
534 771
393 762
901 4
80 144
192 634
319 691
857 376
643 477
644 314
526 770
551 341
682 4
758 315
80 446
8 43
118 154
467 398
251 295
76 3
626 361
40 860
421 449
723 577
703 511
118 53
744 740
670 652
984 147
566 813
311 438
5 531
541 609
977 329
639 322
235 120
425 823
520 164
501 990
545 727
88 358
396 103
428 292
406 200
980 165
448 894
948 699
583 10
758 790
580 530
27 690
412 840
362 47
111 616
899 358
443 162
570 13
945 228
233 282
557 294
913 582
73 417
631 803
617 700
440 298
854 819
780 178
983 917
215 271
642 143
92 250
609 448
79 492
229 447
840 236
35 111
225 421
256 109
760 963
500 710
764 923
506 903
603 287
219 22
799 562
928 526
376 571
621 911
233 854
197 691
275 409
940 349
924 634
564 529
584 463
24 841
998 574
765 257
143 7
790 966
772 693
593 400
209 399
310 947
432 682
882 942
739 779
522 879
119 53
674 930
605 974
986 880
414 761
132 74
834 188
359 635
568 16
677 338
660 608
865 722
666 181
995 115
100 597
247 774
784 536
626 329
130 678
151 266
363 755
624 950
236 420
952 909
737 649
844 683
882 626
97 810
278 193
134 933
361 909
417 931
677 5
153 921
207 202
616 681
837 601
941 937
571 639
202 502
754 779
525 34
598 632
825 77
141 345
898 116
610 330
349 406
741 198
876 393
733 48
426 740
25 495
880 603
389 298
701 579
52 157
1 25
665 50
85 771
56 631
976 952
423 503
580 202
836 92
513 314
248 5
977 34
450 162
241 367
792 73
446 142
980 962
878 141
648 520
521 286
25 719
932 441
123 252
195 283
569 10
436 23
922 150
631 348
997 626
320 632
503 201
976 761
342 226
203 149
665 904
955 866
816 556
946 631
564 186
352 824
812 952
304 955
748 830
624 756
72 157
274 459
57 553
421 8
763 155
658 101
416 664
147 536
313 768
193 298
568 266
622 701
623 748
518 904
832 143
227 727
115 662
886 481
154 38
905 678
121 41
49 260
89 1
306 173
605 263
161 668
751 393
64 455
407 681
637 918
667 797
615 963
746 894
304 293
514 104
219 914
681 745
495 833
97 498
564 998
945 44
337 188
48 169
249 536
638 2
430 583
309 318
521 894
353 586
410 691
394 28
803 440
185 881
851 258
720 409
495 261
289 724
854 692
730 846
548 595
825 946
458 653
4 753
262 825
502 594
363 760
273 528
841 824
459 301
761 925
742 616
583 556
824 229
787 475
660 843
679 25
425 382
742 763
907 914
913 160
821 248
536 840
173 793
134 545
982 421
515 562
493 808
578 78
227 388
710 625
916 861
584 963
752 293
736 954
678 61
847 926
904 970
585 651
568 439
965 753
615 547
155 193
283 436
800 282
736 664
899 222
326 53
874 634
895 128
491 198
532 816
403 892
763 626
529 222
343 578
126 342
805 889
787 738
224 202
631 571
193 705
396 418
210 900
118 517
819 546
154 752
77 500
331 972
831 735
577 532
893 882
23 42
112 765
336 705
138 475
24 781
861 325
284 976
921 867
968 149
116 549
497 931
8 946
6 109
834 610
889 757
397 923
439 383
739 80
988 767
312 264
174 983
780 723
547 808
949 196
389 329
117 876
962 369
122 530
600 926
87 336
110 51
309 820
8 383
491 177
982 231
530 412
52 104
894 979
789 589
521 167
812 610
778 734
686 959
928 175
56 109
895 659
507 178
520 361
66 207
708 674
727 25
91 672
844 418
312 819
919 464
264 182
420 408
766 791
576 959
961 203
726 821
982 360
383 178
312 529
593 896
481 430
796 803
106 597
469 581
614 645
634 79
999 885
784 874
295 882
386 10
595 344
121 225
197 92
788 977
145 689
62 614
918 84
171 945
267 354
503 904
383 758
330 462
780 220
288 950
366 543
558 409
585 477
966 706
42 960
594 149
335 913
873 474
424 549
846 7
337 21
559 934
599 853
578 346
58 153
812 2
531 602
452 497
38 638
495 317
332 435
768 23
91 192
276 822
890 704
535 768
391 390
742 560
946 705
554 266
972 45
76 122
556 684
5 434
82 807
749 190
765 610
683 819
61 891
934 64
683 832
557 935
136 413
744 690
585 754
737 543
683 208
630 322
579 512
196 932
735 909
810 468
758 38
197 102
504 789
302 200
250 249
982 574
16 337
89 701
516 134
610 105
575 933
689 638
412 911
568 589
733 365
265 985
439 486
315 188
867 507
358 242
515 87
457 131
318 860
690 499
177 12
250 586
289 586
383 746
723 9
318 815
215 445
810 213
914 890
564 917
424 296
831 535
997 763
745 338
673 669
46 649
12 460
681 942
811 619
868 616
760 113
244 258
673 526
984 889
579 912
966 953
258 536
25 771
372 494
671 156
432 779
622 458
949 794
510 596
24 69
498 4
480 519
358 536
966 859
591 136
756 699
617 219
946 899
73 749
142 644
471 712
57 108
204 453
955 647
133 975
165 510
517 873
864 731
665 542
318 212
377 632
971 314
990 746
113 22
335 813
482 453
320 172
820 45
531 50
143 312
976 291
133 370
27 128
654 523
874 869
473 856
700 681
739 384
559 230
179 234
930 910
456 549
272 527
573 6
611 175
903 661
299 837
936 700
253 586
415 335
524 454
990 177
956 97
563 238
993 492
412 706
280 625
687 352
504 15
392 474
909 230
433 53
895 461
914 700
510 37
809 402
908 34
267 426
713 78
987 635
58 285
15 937
435 833
534 479
183 231
162 188
866 551
432 201
196 114
492 985
366 838
632 88
466 1000
286 7
349 148
404 470
557 248
86 688
253 321
825 832
661 170
955 453
974 291
716 686
789 854
142 864
401 474
256 483
13 717
855 842
569 37
734 937
609 804
939 247
264 957
998 854
527 484
144 659
911 69
859 444
367 653
601 395
853 214
74 687
980 124
114 732
223 66
118 188
246 481
80 108
17 453
550 233
371 671
460 519
833 59
155 83
840 969
602 744
126 746
363 212
71 159
204 572
632 608
389 670
265 896
182 458
844 748
719 448
815 844
524 754
466 358
800 394
126 452
827 799
139 421
670 963
626 219
527 638
306 334
895 16
314 837
757 95
563 778
59 697
841 456
898 61
718 426
75 740
426 810
123 152
451 503
760 203
157 571
158 780
875 778
641 374
812 249
693 522
529 537
418 56
310 202
383 896
96 322
460 76
244 378
945 809
267 773
395 328
290 126
939 244
163 581
256 161
884 441
872 321
152 353
579 90
893 294
507 87
219 347
38 829
175 560
243 593
624 562
323 425
629 202
755 426
199 970
356 295
584 514
74 624
647 625
972 153
497 383
47 807
48 847
144 526
329 518
200 922
250 210
890 353
304 836
933 147
881 162
790 612
293 52
311 885
491 637
209 608
469 467
771 345
684 651
316 106
763 307
767 283
491 561
805 58
936 423
934 918
258 175
938 605
23 109
616 591
690 234
302 28
88 360
605 477
110 997
75 930
956 41
461 581
558 845
691 715
527 594
935 861
943 898
13 377
362 45
700 149
495 779
477 364
950 194
442 48
46 259
672 958
352 250
188 592
62 327
673 752
799 80
547 139
949 611
91 263
495 233
387 826
634 627
206 114
99 897
387 843
175 936
551 977
408 153
208 263
336 460
941 673
634 853
67 76
565 725
638 821
161 151
125 862
128 472
994 769
777 313
370 39
152 462
997 154
545 265
177 909
791 758
73 844
312 148
973 225
811 202
336 234
172 896
48 702
782 505
933 155
507 115
26 444
346 959
223 343
830 453
777 223
134 460
416 33
644 393
772 326
590 453
186 919
655 11
575 480
463 570
959 897
448 353
564 87
252 523
1 919
971 127
40 939
496 93
463 939
525 599
411 4
433 588
986 912
553 339
923 112
65 409
602 672
537 999
763 479
981 268
964 25
889 381
960 25
745 789
463 126
230 351
545 753
984 399
127 45
230 302
857 560
952 928
992 793
538 157
173 198
283 522
508 571
589 766
511 416
968 353
197 849
611 735
478 842
172 401
915 715
404 76
291 932
564 905
775 197
827 260
258 537
252 133
381 359
399 376
534 653
771 717
405 983
154 713
945 706
693 356
694 967
487 895
167 125
708 807
837 965
587 958
495 747
897 400
129 526
422 405
411 676
855 161
217 885
716 361
481 73
333 695
708 965
825 231
520 339
687 713
464 697
82 776
270 11
352 826
42 170
284 227
262 406
531 162
571 977
22 555
188 263
743 759
93 266
572 509
844 378
44 838
170 665
679 885
729 142
378 996
273 144
594 756
39 937
321 652
875 229
303 788
678 320
795 420
944 602
174 35
753 530
844 943
900 617
300 909
942 36
999 13
857 524
366 762
776 550
944 696
945 209
175 556
126 26
938 209
521 898
542 552
903 98
638 177
414 447
534 476
115 212
618 197
525 695
283 820
819 998
441 642
140 618
977 728
335 761
945 669
696 613
733 982
938 494
760 876
7 875
836 449
425 360
87 217
16 710
8 758
891 435
712 350
604 980
697 238
73 772
848 398
834 849
321 258
105 635
843 645
332 390
916 661
998 855
485 608
199 182
570 582
41 300
721 434
5 393
868 167
743 821
84 406
185 90
174 316
692 85
606 766
518 697
901 207
445 67
925 729
892 428
506 83
588 949
576 597
434 537
209 768
491 410
734 490
310 396
117 492
231 340
35 569
325 147
913 535
300 595
562 314
525 134
925 876
620 4
663 389
2 197
849 814
169 332
499 725
743 334
417 730
714 80
273 414
97 50
616 882
746 705
339 237
33 810
253 847
845 651
315 84
64 340
656 810
505 582
534 9
48 176
663 367
900 867
836 865
819 597
769 184
680 464
441 287
129 126
280 923
906 883
551 607
54 93
349 623
632 117
978 161
816 76
512 373
681 886
775 164
640 169
388 935
690 847
159 528
832 528
209 279
1000 38
832 13
950 724
772 732
332 91
260 264
100 207
137 67
103 964
290 547
664 578
476 552
532 291
695 817
238 964
576 659
959 876
48 832
89 20
436 495
866 356
260 189
845 822
670 608
251 312
15 672
307 122
541 461
355 326
108 118
693 487
334 976
944 772
563 218
508 963
325 243
967 324
396 899
558 995
279 198
133 725
14 657
336 867
944 610
706 577
451 562
838 66
804 502
842 129
615 427
58 752
224 232
866 795
889 234
671 870
605 254
183 654
390 354
92 70
241 772
292 896
370 608
798 398
447 740
466 571
712 843
38 594
495 232
444 698
710 709
15 316
530 999
572 702
223 658
776 939
159 470
868 852
487 858
902 21
466 723
474 198
590 296
479 875
579 57
412 176
161 496
15 469
424 606
298 59
765 655
274 192
76 116
976 426
5 432
578 402
651 578
265 259
252 661
753 88
865 870
421 128
21 838
763 3
307 41
847 931
499 849
9 663
156 962
140 511
178 774
895 919
183 571
633 732
597 121
28 260
467 284
196 934
596 729
151 78
262 656
654 355
41 800
792 1000
443 884
944 959
728 998
411 466
116 30
110 902
550 355
116 275
813 723
634 464
504 245
547 507
395 838
325 9
914 598
419 76
899 310
757 22
776 523
372 52
50 784
982 194
580 384
125 317
987 398
702 951
573 533
847 399
922 287
104 616
357 154
233 132
177 246
668 504
456 165
628 59
217 943
823 962
972 568
385 360
519 453
890 913
234 393
738 809
655 938
310 672
622 443
661 926
96 617
281 713
236 620
623 87
971 478
517 966
989 777
392 201
177 825
109 446
937 595
351 385
975 491
344 369
270 153
320 490
602 496
14 98
27 395
562 930
389 902
545 848
998 906
485 813
406 331
522 608
250 57
748 840
415 555
843 36
114 920
957 52
814 423
227 331
9 540
799 689
415 696
397 157
330 64
908 879
803 65
993 369
244 829
981 934
779 538
266 699
726 605
213 518
254 370
656 499
681 460
440 601
912 783
425 526
600 188
140 39
352 971
185 698
628 714
244 211
404 448
177 46
560 890
274 384
371 208
772 391
896 427
73 382
721 698
732 435
444 755
547 66
305 339
508 318
78 120
81 180
779 55
194 589
836 44
983 207
882 478
833 802
172 148
615 384
930 453
410 801
820 600
15 766
381 266
310 782
811 887
738 973
466 520
91 423
57 142
385 647
963 878
820 237
582 900
551 79
312 60
989 926
258 546
189 266
393 285
322 237
485 623
934 428
260 75
887 333
986 823
574 22
795 839
928 100
363 313
623 559
367 286
807 660
867 121
995 908
160 333
434 164
217 268
805 435
791 864
26 298
579 730
412 723
767 353
933 479
994 223
957 457
306 93
908 787
750 762
842 27
421 668
648 491
581 382
50 246
533 763
23 809
260 685
227 978
943 1000
541 608
435 641
122 858
679 994
629 19
296 729
559 312
887 863
951 34
862 67
884 967
371 172
173 395
8 855
98 959
745 296
618 38
452 250
656 678
930 978
359 523
780 639
416 458
968 231
977 111
444 133
318 289
646 35
351 315
759 686
461 295
603 66
759 745
929 153
276 908
177 924
599 292
323 427
34 714
368 256
743 971
123 22
30 550
22 758
186 864
522 710
49 820
618 815
639 667
200 924
973 575
522 681
299 592
818 704
251 315
739 94
144 814
92 620
53 658
274 673
839 888
648 381
654 311
306 225
948 528
715 263
615 806
751 975
988 531
480 67
619 48
59 151
455 806
222 567
756 631
803 134
509 185
625 880
222 710
685 214
618 139
214 726
513 365
720 695
189 940
940 932
743 714
816 154
820 754
91 438
453 547
292 615
831 466
64 974
920 55
955 788
102 741
73 993
38 637
60 925
479 965
737 40
846 463
377 604
499 5
74 801
211 398
498 193
371 629
543 669
394 388
968 993
644 484
682 819
403 430
497 63
192 555
925 461
159 789
471 519
755 392
89 826
852 758
63 329
308 352
492 133
700 930
406 573
354 226
373 646
778 576
908 663
946 478
69 669
347 827
994 306
783 358
880 437
183 570
838 378
14 336
454 107
563 436
863 197
900 337
903 690
1000 378
186 887
635 298
838 397
72 764
131 933
960 27
227 524
395 1000
362 365
629 425
64 511
378 531
732 934
771 226
511 477
900 518
374 591
924 6
277 790
586 878
40 263
666 71
760 150
533 789
558 487
576 376
906 697
173 677
48 129
710 663
751 457
861 281
594 116
704 476
893 936
513 250
471 118
972 569
333 113
608 151
534 643
438 276
837 562
306 954
256 363
684 171
522 90
980 974
964 331
416 353
308 183
551 213
863 583
959 112
69 974
638 561
492 459
886 543
34 217
161 268
751 867
330 653
898 58
276 555
707 265
468 787
897 93
948 229
329 627
75 83
721 485
596 535
670 558
449 186
857 37
471 777
597 171
579 592
44 840
843 39
383 230
30 862
856 410
106 557
697 622
737 681
610 153
830 946
652 406
505 477
951 650
849 960
773 594
153 889
830 541
282 31
504 163
774 784
480 156
207 91
689 1000
68 499
208 262
231 337
985 645
944 816
305 112
314 578
913 625
555 784
663 325
504 496
603 524
162 330
344 665
183 224
719 978
544 901
617 888
968 494
129 172
392 179
25 883
11 128
160 710
436 691
8 922
834 538
162 910
584 45
930 41
659 605
417 90
517 519
225 741
375 815
312 368
867 380
308 228
885 837
846 796
99 697
561 988
301 729
696 837
90 92
678 629
898 813
994 950
384 266
800 739
564 324
750 107
678 355
809 635
38 871
720 74
829 616
202 440
939 232
544 760
378 322
87 430
489 875
273 822
536 844
296 465
39 346
360 181
60 393
151 802
40 504
195 934
91 713
293 29
593 527
244 717
139 875
468 21
765 777
469 316
387 365
844 664
323 302
598 363
782 866
54 532
780 327
202 267
101 695
923 329
728 991
801 789
318 868
377 918
995 587
413 652
970 823
205 554
480 23
210 896
391 213
569 831
426 50
914 814
241 798
665 204
168 404
497 891
371 175
742 482
234 157
827 96
99 793
225 438
177 853
505 934
513 177
346 354
128 209
1 69
391 162
160 738
486 398
203 644
438 301
150 721
744 480
630 732
204 298
157 683
701 676
251 769
935 429
494 231
292 805
412 174
308 111
388 199
946 729
310 676
964 673
274 109
937 315
385 908
647 940
523 610
584 916
329 523
226 901
105 768
401 7
442 733
597 99
299 992
598 260
856 419
605 568
458 67
386 996
60 243
725 143
131 72
761 219
780 363
771 120
349 28
850 483
939 958
395 860
434 826
823 308
201 29
572 116
679 816
349 397
685 307
245 332
325 420
509 199
914 643
478 706
82 155
15 893
162 259
254 101
438 124
650 572
63 577
928 950
512 565
875 747
180 931
876 576
962 749
232 466
641 448
703 646
779 126
110 262
684 49
65 647
797 334
889 661
579 627
94 794
385 556
849 7
856 805
266 377
272 922
517 992
510 798
80 83
122 562
90 934
744 43
778 367
854 466
123 68
656 847
111 495
350 877
96 796
479 11
669 967
592 262
808 629
535 994
631 149
970 425
293 68
431 144
340 161
537 891
973 691
758 395
724 271
17 19
939 590
795 44
745 905
675 594
359 421
822 775
715 341
594 670
847 368
294 592
888 639
481 63
763 577
636 689
879 835
714 406
409 36
301 538
573 418
262 379
597 556
140 867
859 605
182 162
771 899
278 753
435 322
139 93
512 529
146 883
595 180
888 170
220 622
138 415
204 299
822 109
414 812
668 771
940 24
889 704
546 355
863 928
793 266
25 944
10 36
51 688
323 183
472 667
823 738
940 469
793 443
561 951
446 179
546 69
345 316
843 525
626 151
111 301
389 81
377 915
214 46
221 770
256 394
702 211
472 808
57 850
902 928
905 156
404 610
56 406
130 613
296 684
976 163
423 532
192 726
389 900
381 440
82 621
731 527
435 122
290 843
351 822
744 658
212 392
736 770
779 830
635 344
818 792
1000 587
305 683
948 427
914 263
509 542
516 215
535 341
611 211
865 327
687 14
466 382
122 492
72 537
839 835
836 517
370 994
810 583
575 965
463 95
487 101
514 323
330 288
495 622
277 295
5 776
779 621
585 814
322 924
306 313
610 363
98 695
136 832
376 77
432 762
358 151
910 352
918 131
728 657
858 704
34 286
415 143
185 922
756 39
996 630
11 50
487 553
552 750
849 284
393 758
485 88
380 866
793 373
337 81
817 335
157 230
638 993
937 770
189 693
150 677
323 147
733 580
518 112
866 759
122 763
211 806
711 609
342 12
968 939
683 448
696 821
289 353
590 401
77 706
978 601
711 391
56 58
588 210
991 151
916 97
672 157
726 64
817 868
123 509
41 298
92 868
222 483
648 150
170 326
905 265
46 220
878 750
865 541
60 377
118 264
302 298
70 838
862 162
420 145
682 332
866 161
188 405
444 15
22 354
395 597
260 41
749 276
200 852
296 46
294 521
577 419
80 645
493 849
853 278
131 981
412 604
141 186
364 325
883 719
899 82
301 217
266 605
728 928
191 992
975 359
842 104
681 302
595 304
79 67
425 616
64 312
136 917
690 36
654 635
912 118
822 745
296 731
943 603
413 572
115 772
112 754
243 104
121 627
703 514
553 717
962 88
950 111
310 206
208 384
711 178
85 710
450 453
231 584
750 712
567 20
37 927
501 950
157 202
124 387
159 396
896 70
570 37
807 272
384 874
985 535
952 364
372 593
826 772
964 381
952 349
879 130
129 986
811 226
761 979
850 644
526 635
229 857
968 967
510 882
494 343
670 314
564 345
213 309
694 684
109 388
493 997
95 945
242 295
632 675
44 890
503 140
434 405
470 319
881 68
203 80
757 729
169 832
332 308
649 78
356 434
680 596
363 209
264 187
205 514
930 720
753 915
346 539
577 109
833 27
541 458
288 400
94 36
874 642
856 83
286 858
127 164
93 372
575 908
987 872
658 840
725 227
404 388
687 183
202 303
495 934
900 556
975 104
481 252
724 168
961 522
563 874
801 929
914 640
24 690
177 116
984 580
586 792
111 743
673 756
802 976
819 946
349 143
457 597
722 91
750 629
876 720
91 392
38 657
720 568
280 105
962 541
210 278
600 690
124 304
585 290
162 85
132 526
381 473
287 575
167 85
152 466
67 193
87 130
411 732
285 187
518 459
632 592
119 130
526 966
561 947
436 168
184 193
377 798
96 524
925 380
660 767
809 707
113 254
527 532
227 114
711 220
342 897
53 466
421 552
361 853
336 941
584 768
382 573
53 579
890 240
781 383
424 937
364 239
256 922
166 445
207 291
45 580
619 867
178 103
307 377
364 382
438 541
3 80
316 505
245 13
796 947
914 450
724 93
671 694
782 629
185 675
850 926
22 62
196 357
220 99
594 848
520 563
426 750
743 113
211 352
693 684
288 983
954 312
183 158
229 332
84 577
486 373
270 774
841 842
915 719
607 791
594 114
797 527
727 434
216 980
837 286
676 668
756 482
333 111
391 851
413 277
137 149
21 306
446 489
498 1
246 931
444 959
365 12
648 703
975 934
318 511
545 297
635 831
765 334
364 617
695 551
807 169
391 221
760 562
924 971
619 492
697 71
184 110
437 324
934 386
42 116
668 448
894 166
138 931
587 656
34 752
459 101
691 654
35 850
333 521
882 863
131 455
976 280
481 670
523 685
247 883
412 292
415 903
456 844
950 812
455 390
813 880
960 300
709 943
451 947
583 906
397 9
18 830
847 561
294 659
614 868
83 668
909 430
197 364
783 501
553 476
516 208
476 437
39 933
460 766
342 766
974 735
667 245
80 809
28 521
122 348
236 676
376 55
496 569
460 988
233 442
608 666
610 360
791 285
210 922
743 4
376 78
605 871
698 903
241 880
955 28
97 500
304 170
234 167
676 978
215 723
650 757
888 88
581 987
124 666
299 621
733 816
798 340
121 728
711 941
766 168
208 308
7 214
484 129
450 273
312 370
400 452
191 630
122 649
473 289
91 158
937 658
792 171
976 184
884 465
66 336
551 251
669 108
542 394
428 734
782 437
103 988
753 315
539 640
910 281
752 637
915 389
619 751
229 663
639 736
565 205
469 216
17 303
41 417
708 731
910 59
490 695
986 933
944 48
273 86
611 16
260 852
902 687
322 573
658 67
201 692
682 333
848 605
44 806
886 37
687 956
209 917
529 438
218 877
306 773
723 904
170 626
680 949
628 523
629 510
225 8
495 909
667 846
267 380
729 569
658 519
24 599
832 830
738 71
920 401
512 555
443 801
16 858
20 882
702 882
115 180
885 472
244 464
409 829
419 500
26 445
487 989
293 776
845 203
522 318
464 79
500 536
769 463
437 105
721 51
452 475
777 964
11 396
824 425
787 287
26 951
86 947
930 301
913 932
447 350
797 59
748 719
216 456
161 345
308 24
675 564
147 922
280 364
772 583
5 88
136 137
426 421
872 243
985 436
725 314
471 143
469 252
547 367
369 824
316 769
66 888
433 603
71 233
860 914
218 56
453 959
813 969
563 222
895 221
143 898
404 642
177 315
164 234
728 14
430 90
431 657
124 798
31 818
624 254
111 512
831 795
188 783
575 877
139 341
305 45
841 115
111 625
205 716
666 110
11 927
361 470
219 976
880 566
974 160
375 685
585 455
107 647
590 880
24 337
25 184
499 241
137 598
214 89
769 9
562 542
994 536
936 518
722 235
711 885
710 584
471 476
855 977
366 242
258 929
337 920
68 588
910 917
837 603
363 920
767 670
82 620
674 104
198 874
188 982
898 864
792 227
811 193
781 809
692 324
105 422
53 142
937 635
494 368
152 753
286 780
364 804
392 932
397 258
557 784
815 348
450 652
491 312
633 631
890 142
853 122
748 864
951 925
709 884
455 306
38 286
490 231
499 962
705 51
465 822
942 704
643 357
184 638
666 654
424 45
194 615
486 863
857 793
767 314
805 217
774 383
16 486
363 354
175 600
59 344
195 423
551 541
855 945
460 953
780 408
999 228
658 572
418 697
534 235
595 491
248 254
474 576
771 712
37 530
465 259
317 738
159 3
681 519
385 66
991 870
822 496
152 984
388 694
854 961
546 270
394 99
620 675
324 480
418 125
103 294
935 640
202 772
665 420
224 820
778 205
561 203
484 238
216 993
641 83
989 611
722 995
778 92
409 535
676 627
881 711
285 237
620 282
678 588
860 615
698 262
739 590
612 448
388 778
975 854
51 49
69 971
492 454
107 515
845 326
646 377
540 660
1000 497
284 474
32 419
215 690
476 882
984 853
397 294
716 68
666 849
591 900
575 259
450 656
549 676
312 753
259 426
460 537
759 215
505 793
619 544
202 160
866 155
294 656
139 721
305 681
52 610
662 751
83 679
801 669
732 615
658 894
951 647
202 386
644 829
97 184
207 183
780 301
763 623
856 187
766 642
70 149
407 390
975 580
258 3
921 321
162 615
102 149
93 974
646 620
847 229
789 156
612 977
386 385
598 1000
988 972
506 855
747 639
984 859
417 238
897 164
378 886
663 917
354 771
775 191
483 637
135 284
893 58
752 946
241 435
868 872
764 841
656 604
682 980
20 147
919 769
846 867
246 575
872 506
398 272
733 755
419 791
560 279
251 68
702 205
657 572
235 584
472 774
952 16
246 591
937 476
829 726
133 207
800 964
930 603
456 794
164 555
75 112
421 68
868 307
800 51
29 415
867 461
356 202
134 981
421 311
761 316
871 259
601 299
486 871
822 589
879 788
110 650
981 432
56 134
892 877
358 188
71 729
594 902
908 508
784 178
355 815
902 835
805 580
475 353
426 679
708 273
197 788
716 772
491 763
548 818
444 659
525 726
145 619
756 436
171 278
470 774
86 508
461 193
548 495
574 619
663 814
82 198
618 343
266 320
68 692
694 896
67 483
315 678
603 70
380 213
369 76
886 555
150 929
366 275
526 926
128 930
484 741
696 66
753 183
166 90
213 21
400 414
588 71
401 107
352 999
357 822
616 264
853 101
736 861
184 500
652 635
726 844
274 669
261 565
995 829
359 386
641 895
179 808
623 813
295 922
41 207
316 471
889 403
102 480
800 428
511 340
482 954
466 471
799 427
214 921
729 488
495 928
477 245
975 106
93 225
379 843
766 293
607 543
404 848
408 275
885 459
469 898
879 639
6 919
86 293
961 125
428 61
306 545
881 879
418 999
737 259
42 971
603 742
984 868
510 464
295 316
975 686
542 775
997 812
671 161
659 553
202 880
24 428
914 77
669 384
674 257
316 826
401 634
591 623
224 631
243 277
228 71
102 616
285 8
379 213
87 156
536 122
350 566
775 421
46 765
587 537
215 824
787 427
237 160
440 62
652 987
893 437
716 486
750 38
493 730
184 195
342 788
218 494
679 175
256 719
612 146
55 962
744 810
28 99
947 847
773 520
658 70
307 44
754 383
131 378
667 348
777 268
762 850
302 331
776 224
527 248
108 448
240 72
923 103
155 17
709 602
253 718
839 203
496 305
389 720
157 257
588 728
757 255
169 382
26 145
680 910
46 71
321 760
213 734
514 237
506 974
348 955
75 725
314 775
371 330
686 23
64 354
11 813
679 934
436 821
637 748
103 272
625 784
916 397
959 412
962 861
513 935
715 867
935 562
849 309
99 850
906 820
873 447
530 904
710 538
965 869
702 666
378 833
742 139
500 546
410 726
413 181
552 531
826 222
475 996
741 449
712 217
15 278
452 476
110 144
534 630
630 987
673 210
266 747
403 97
811 44
80 50
261 3
778 447
433 477
982 183
431 695
677 651
91 850
150 777
919 706
388 154
155 689
337 566
636 78
929 938
108 759
290 612
221 944
904 248
528 303
742 678
161 753
200 841
175 452
882 861
151 485
630 391
904 71
868 280
74 835
208 579
338 654
139 835
340 192
195 863
532 710
221 707
321 789
718 772
792 858
835 796
198 76
19 715
645 515
238 219
447 871
70 138
383 337
899 392
150 18
853 593
358 145
841 185
370 707
741 976
390 668
83 218
831 675
82 94
728 660
165 505
797 608
672 875
768 874
557 96
637 466
837 752
380 893
253 489
119 972
225 648
155 849
524 510
963 166
569 739
253 346
823 850
204 258
918 706
669 328
319 83
414 893
650 55
501 753
742 913
138 867
945 625
971 497
772 742
557 320
636 105
557 548
872 10
48 636
216 494
472 920
218 132
865 967
136 239
545 21
618 933
485 618
402 78
946 596
730 138
736 963
678 986
13 754
865 673
961 118
173 57
670 526
178 888
506 93
807 659
803 793
715 48
593 924
27 348
524 431
464 840
253 758
846 371
17 216
515 873
827 960
796 838
139 589
395 935
785 211
330 794
832 18
296 390
509 334
239 549
663 391
852 460
304 362
641 685
918 51
442 232
775 734
232 732
728 705
548 84
811 626
421 842
297 820
546 597
874 38
215 354
219 871
610 920
614 172
337 144
48 77
656 268
768 886
219 148
572 656
258 552
244 546
543 497
584 254
789 913
96 456
315 534
432 970
342 333
750 702
741 25
962 470
731 31
548 639
552 890
933 91
604 709
225 886
320 666
835 237
138 775
737 350
288 308
532 203
666 556
604 233
246 651
48 536
394 636
683 190
170 7
325 697
77 240
772 504
973 425
367 686
526 779
623 645
712 12
430 723
529 374
398 809
221 666
919 345
836 99
302 325
624 899
929 327
870 696
905 516
190 542
872 749
951 601
808 217
990 225
586 630
832 207
830 590
118 812
121 120
412 931
822 942
554 628
737 926
207 110
979 129
945 305
999 194
323 613
395 848
966 393
54 759
440 839
681 271
938 677
27 653
214 777
675 361
40 272
480 55
45 33
616 995
232 568
106 17
659 989
54 785
382 418
827 19
22 371
634 523
157 536
253 79
388 732
6 807
153 369
318 533
546 488
718 218
958 581
485 157
324 285
996 367
962 395
89 984
466 570
285 406
372 597
608 383
104 974
622 272
182 920
313 198
61 544
473 710
483 146
896 839
56 160
437 365
630 670
482 326
815 632
372 854
792 387
612 12
26 683
833 297
173 968
63 372
964 641
972 180
277 986
539 507
441 580
336 884
1000 693
341 483
752 278
200 957
578 142
411 29
394 965
127 359
74 369
408 773
836 935
448 6
527 872
446 813
58 973
117 252
903 681
795 32
943 216
321 697
783 515
532 769
705 339
840 742
272 114
295 782
116 281
957 381
559 409
447 979
845 764
978 287
706 814
432 640
291 12
989 189
820 794
614 266
706 993
914 882
459 502
964 877
166 753
279 676
138 264
864 138
606 585
990 590
23 675
233 555
48 21
210 961
945 322
492 892
642 795
916 238
611 513
834 563
82 300
795 556
693 508
418 234
77 103
65 615
906 23
211 929
789 588
362 607
605 200
211 399
815 830
651 809
655 801
454 738
950 743
57 116
954 746
294 379
43 953
320 706
708 957
801 117
30 321
566 311
398 421
441 646
282 642
254 83
711 415
929 857
412 432
89 37
716 70
772 432
545 874
588 904
327 180
865 757
866 294
69 525
35 693
198 163
643 306
687 933
952 946
992 623
761 783
988 411
338 433
302 236
395 954
901 872
677 401
74 119
292 2
700 391
793 119
956 121
167 404
47 280
292 145
575 854
444 308
282 395
525 125
624 686
213 753
71 759
37 419
866 733
633 62
248 28
563 679
124 951
733 107
534 100
666 164
426 705
903 337
82 95
798 441
72 217
861 455
111 792
901 944
258 688
33 722
768 875
326 749
612 930
279 825
484 317
195 162
512 352
340 825
91 501
681 771
264 617
484 140
711 831
290 453
272 824
755 11
538 559
31 389
981 597
229 208
690 930
720 289
78 399
480 938
600 534
446 83
194 152
821 45
860 581
916 343
503 397
114 99
920 786
596 995
25 690
778 336
937 208
877 774
91 945
987 342
534 893
907 127
464 269
66 113
801 130
507 161
773 108
795 940
311 638
616 159
246 334
467 527
13 935
514 844
622 917
182 998
276 121
332 355
153 653
597 74
874 833
503 635
118 86
161 879
40 136
224 485
520 178
494 981
889 501
282 205
28 505
124 324
128 763
625 403
594 610
166 587
261 945
960 88
250 424
509 333
18 594
165 641
784 37
182 332
572 988
728 154
444 591
413 568
590 744
154 422
780 791
603 668
767 897
309 281
58 27
812 128
462 760
660 316
534 733
537 175
149 305
504 836
651 915
120 447
638 769
417 121
346 48
418 389
734 880
461 289
360 140
200 597
510 886
977 771
217 950
908 210
205 170
564 212
530 292
164 762
809 747
498 520
64 444
212 750
711 244
631 61
429 539
808 444
47 13
752 201
455 728
356 867
625 637
805 34
897 623
537 956
455 617
719 428
61 422
596 153
796 939
690 226
999 876
417 782
179 859
787 664
516 314
25 321
79 946
27 799
357 744
996 837
345 165
116 36
443 188
357 798
799 203
106 30
88 567
415 178
55 75
59 908
701 565
135 51
326 666
366 919
441 316
7 117
854 545
134 120
814 750
873 82
820 623
488 240
72 463
573 861
685 771
941 665
945 734
105 137
949 190
388 898
6 465
941 554
817 484
915 898
751 119
788 227
705 603
775 423
320 743
798 988
782 449
660 933
38 849
451 394
338 924
100 234
941 972
834 446
90 384
790 847
954 553
260 122
477 327
531 33
200 815
517 30
316 945
670 564
434 260
886 838
541 313
787 117
919 380
558 548
818 881
732 751
749 327
326 24
364 235
539 137
724 379
227 677
925 956
677 11
970 7
734 52
334 62
131 939
525 199
636 718
235 239
46 69
33 890
639 78
857 249
81 534
799 286
547 369
858 225
605 219
664 563
679 928
757 384
512 615
965 190
624 507
827 62
449 820
380 740
477 664
252 530
828 672
479 752
940 902
621 839
894 453
509 953
404 59
160 465
120 392
391 847
693 507
587 840
54 143
315 593
815 840
896 2
21 687
302 996
964 433
656 898
108 979
287 797
885 977
1000 564
156 377
470 409
995 298
668 476
389 237
640 293
960 514
523 592
467 626
213 90
910 828
866 436
920 580
801 455
910 35
967 86
255 320
44 943
117 367
265 514
140 410
430 385
36 731
735 91
863 150
260 771
302 88
14 310
805 105
383 125
97 844
515 829
836 689
999 807
984 452
549 20
92 705
827 926
40 60
115 608
921 469
459 562
230 371
819 306
714 36
779 183
886 366
11 762
802 707
857 532
876 336
909 466
755 545
831 860
799 242
234 16
560 992
656 403
196 468
469 952
985 977
793 94
870 28
232 384
983 855
859 813
841 874
105 544
328 947
805 655
521 868
977 346
48 50
671 234
452 284
825 734
608 218
167 827
384 899
424 848
744 281
573 950
798 122
983 42
364 570
328 736
293 626
186 642
684 133
206 705
959 13
124 90
884 592
109 266
293 707
831 71
869 272
790 900
262 621
555 1
423 977
744 70
229 514
753 136
999 647
730 136
469 228
342 850
698 345
256 649
260 193
208 658
523 717
748 788
919 819
469 738
554 237
920 979
888 879
549 982
183 632
675 896
83 445
205 881
570 882
417 865
839 802
553 77
611 835
444 362
245 395
404 972
277 326
18 282
193 735
841 91
110 816
992 217
41 515
106 172
483 990
616 905
733 526
571 159
701 858
793 905
442 89
712 855
451 491
81 888
817 140
788 304
571 125
220 325
70 259
276 87
906 970
48 478
980 703
106 364
604 227
253 395
426 343
997 28
730 697
603 445
343 254
290 486
703 846
206 690
484 48
216 686
358 985
504 754
697 161
552 892
256 297
954 816
259 922
868 926
526 636
873 800
220 779
91 879
755 260
502 130
427 353
302 766
263 780
325 679
786 187
420 589
946 565
269 288
751 534
353 407
904 1
265 713
196 827
297 184
778 905
265 602
106 712
506 238
457 290
297 201
5 536
407 916
299 887
619 890
162 857
967 316
610 91
562 470
157 978
981 480
197 433
415 270
473 697
782 346
75 605
573 182
430 201
783 719
552 111
992 886
115 969
575 873
500 21
583 402
914 765
664 728
505 618
513 501
42 982
932 489
702 899
244 385
561 449
881 876
533 875
177 278
607 830
266 190
293 839
385 260
224 812
617 971
210 275
263 287
780 907
160 516
362 726
718 75
584 107
642 599
355 752
447 160
484 955
493 677
450 119
493 51
989 942
816 684
925 454
213 468
234 849
43 602
118 467
691 697
69 757
222 301
756 877
481 629
191 530
216 198
179 506
236 249
199 7
551 370
558 698
226 931
687 786
992 364
75 138
230 618
191 752
965 749
58 971
378 960
832 190
465 955
411 253
505 458
342 727
112 228
10 825
84 906
636 719
53 913
511 373
701 617
171 774
351 668
309 924
20 609
936 170
810 655
600 343
358 123
133 826
513 416
362 118
185 535
222 538
709 44
395 92
15 863
822 325
974 128
907 271
888 65
456 628
513 322
756 120
68 769
704 467
817 212
327 959
627 205
681 805
591 302
980 759
902 45
769 410
483 466
444 948
641 932
5 490
927 953
34 952
301 80
555 262
756 653
449 375
983 502
52 276
324 529
453 947
402 386
995 476
542 403
212 978
731 502
109 438
402 982
223 178
192 526
47 896
105 535
882 969
963 664
30 609
969 987
751 729
829 319
584 978
420 788
286 563
153 695
999 576
196 883
431 244
970 326
199 888
292 302
369 597
309 847
31 579
680 847
250 447
314 597
496 336
773 714
939 734
785 244
434 922
873 775
351 366
321 564
585 839
362 328
54 514
888 272
634 508
407 674
876 337
270 287
405 461
67 546
728 744
611 661
996 749
656 404
324 34
119 185
73 358
898 369
745 308
673 514
769 196
475 39
257 488
149 170
98 770
128 460
898 965
15 593
597 702
720 517
668 893
742 170
599 791
551 912
975 528
592 99
272 841
976 450
454 923
835 242
546 99
858 177
949 102
369 420
705 514
6 297
599 234
750 114
536 804
354 323
544 767
502 843
564 242
843 781
899 527
536 851
773 106
191 453
433 673
985 460
201 605
74 725
660 700
393 487
885 350
888 880
709 910
256 936
424 90
273 363
477 971
758 100
83 300
100 809
469 551
573 145
371 489
740 934
282 122
780 461
589 618
377 184
378 739
418 650
770 215
2 77
135 811
645 190
254 481
348 126
350 204
245 738
581 152
487 357
901 769
448 699
245 544
91 309
733 254
127 595
225 463
225 830
428 228
121 526
251 587
582 397
474 294
419 507
404 13
945 807
837 721
271 735
77 92
495 445
997 27
449 541
530 862
180 667
602 294
556 14
228 175
636 316
854 751
569 553
877 710
594 83
837 900
507 97
380 209
886 189
237 184
492 66
334 238
596 769
190 118
907 602
752 527
825 181
133 158
407 467
744 931
781 319
798 640
51 317
681 144
402 177
42 216
777 395
670 478
22 106
251 322
237 363
458 360
41 384
355 224
212 351
952 782
517 474
981 141
325 873
255 488
754 569
338 484
112 249
745 807
391 387
337 75
58 145
454 289
1 643
654 430
864 322
917 696
685 300
466 98
230 395
318 327
493 515
453 376
24 696
518 924
687 403
926 697
672 968
965 221
897 853
663 650
701 563
850 143
85 898
49 180
76 715
974 212
958 761
707 955
798 262
34 179
532 867
91 398
509 915
536 305
150 703
663 616
983 14
802 204
984 791
396 957
402 702
755 84
662 416
929 311
877 537
803 714
396 780
100 438
525 809
587 908
769 351
589 118
655 451
468 545
855 151
897 346
700 852
207 836
482 325
335 401
392 165
656 838
324 988
592 68
534 827
80 360
597 445
285 983
455 11
166 122
21 845
27 256
319 552
506 33
716 172
352 903
577 210
762 862
212 371
753 945
537 892
791 819
596 473
299 965
140 327
344 218
142 269
937 75
421 378
84 36
719 386
95 484
387 311
339 78
35 329
683 454
537 527
900 639
74 909
317 539
68 391
340 364
931 771
19 913
115 932
344 256
44 408
510 893
580 393
654 676
641 283
922 101
37 750
404 231
166 962
859 707
310 25
112 816
189 968
138 390
985 793
242 850
560 703
617 934
428 323
546 378
531 530
362 22
332 807
849 203
813 149
209 180
786 572
548 547
381 494
528 212
975 940
725 953
191 125
854 279
65 796
837 971
828 351
332 5
704 912
119 207
212 979
138 986
381 560
830 495
119 124
47 899
345 39
181 841
350 816
406 614
541 249
803 802
109 215
221 573
38 93
442 954
702 52
706 427
697 660
950 806
165 86
706 474
653 705
191 646
584 802
880 457
368 189
630 165
300 722
853 394
442 907
571 713
917 941
754 577
314 594
22 771
675 631
24 931
277 447
160 103
139 434
666 385
278 987
376 485
358 149
654 614
914 691
404 933
334 418
59 868
603 919
710 969
35 67
699 440
591 126
991 816
92 863
408 335
944 257
578 815
102 25
267 52
12 472
846 424
684 323
262 233
135 117
449 790
525 685
250 855
254 823
699 134
779 46
11 184
675 145
91 502
472 719
755 12
439 673
411 636
216 724
111 217
973 206
759 733
103 837
682 864
898 805
960 834
119 211
66 477
833 923
693 96
473 453
917 375
4 795
99 415
136 147
8 62
998 988
621 399
273 959
347 714
350 191
395 340
696 137
441 211
511 968
94 160
296 247
776 33
61 41
654 6
731 913
18 796
701 249
79 645
795 124
136 303
31 263
853 430
948 406
537 933
259 171
957 448
773 669
83 303
608 606
222 806
650 863
151 510
620 141
801 813
842 147
532 939
98 739
615 906
525 414
965 87
749 960
400 785
594 899
956 382
903 289
828 152
927 431
732 789
970 654
84 528
512 545
909 993
234 133
787 529
584 103
976 606
774 417
81 894
707 990
821 326
894 432
519 503
868 555
854 514
476 331
488 151
713 450
106 938
347 76
280 131
924 756
195 16
884 624
769 449
238 406
918 738
29 905
431 533
949 200
471 276
312 131
367 871
981 743
617 225
789 915
716 340
897 470
406 972
833 464
775 461
838 835
124 239
109 125
130 770
152 522
32 480
469 21
792 190
916 596
648 810
385 900
43 672
134 761
999 677
854 168
86 262
791 697
903 931
636 848
215 871
455 324
189 120
905 447
106 566
565 461
553 397
627 828
278 310
486 693
622 216
785 34
808 221
386 243
559 16
572 839
210 176
162 966
11 405
394 816
541 662
101 742
339 34
602 868
876 267
415 409
221 90
124 907
624 323
476 8
495 796
863 765
174 323
511 296
542 505
275 1000
760 242
577 972
708 370
850 354
803 30
16 956
36 439
77 285
741 758
82 437
285 368
305 402
508 383
438 406
3 727
360 446
927 822
54 166
250 578
681 673
466 566
160 629
603 411
821 320
396 781
418 309
169 745
24 228
775 275
674 98
894 537
366 470
169 634
811 199
932 555
551 185
972 978
749 887
665 526
232 735
890 583
462 980
263 733
450 996
159 796
807 992
613 849
69 755
434 432
471 911
60 474
761 579
743 887
49 847
247 868
731 571
921 819
958 374
463 956
912 602
655 306
108 61
400 270
773 835
729 191
62 157
344 219
736 749
512 587
326 431
991 283
481 454
979 323
635 293
670 868
217 508
594 662
407 811
266 653
302 71
553 139
790 232
520 988
888 758
528 327
729 458
924 53
757 615
3 375
921 280
762 386
528 128
328 188
606 787
384 382
646 634
727 613
106 113
89 837
975 363
334 97
872 968
102 973
374 870
603 680
824 811
932 670
989 347
439 958
336 645
776 994
104 737
858 534
778 565
272 577
807 499
132 697
581 954
285 453
452 330
552 536
384 954
542 993
290 300
494 52
473 77
688 167
147 250
522 533
885 990
209 341
673 70
234 368
228 444
973 267
575 43
302 709
486 534
750 199
381 672
937 490
423 693
705 838
373 752
264 28
403 777
948 238
787 168
627 553
83 583
447 425
633 736
801 452
565 355
255 333
5 700
856 500
50 279
752 133
661 929
386 821
919 157
469 400
109 905
679 573
350 397
188 120
26 335
780 340
356 806
784 799
944 196
734 23
32 579
988 390
537 746
554 584
791 165
461 514
874 301
318 350
838 128
197 24
572 52
872 774
135 854
141 449
490 165
788 524
400 837
864 506
438 141
116 31
667 921
764 643
504 505
318 355
870 316
185 930
334 125
742 78
289 844
975 521
577 805
997 916
390 66
103 529
452 287
242 887
63 871
543 425
690 975
99 595
699 932
194 869
887 662
363 870
493 215
384 821
739 515
522 103
209 288
247 488
603 112
218 30
988 526
807 74
337 644
268 770
950 630
700 797
94 500
552 211
601 960
907 897
566 390
218 304
130 942
627 660
761 650
152 606
339 604
72 590
394 679
18 123
706 396
464 559
943 457
122 199
48 814
892 423
613 587
887 380
448 467
892 534
852 110
252 949
308 583
94 48
295 567
944 787
501 82
595 446
911 525
936 439
481 174
922 886
61 266
546 938
430 65
936 70
278 117
104 73
671 742
395 811
272 190
473 735
495 906
371 408
297 541
246 597
323 541
823 344
191 252
223 357
279 522
429 409
287 15
370 627
707 560
124 582
732 133
272 491
770 358
759 892
675 63
253 23
326 717
419 509
495 78
577 769
337 36
390 46
531 918
948 526
21 925
565 709
551 107
470 139
42 642
63 232
76 357
545 490
85 401
532 208
881 274
31 130
315 888
691 561
160 167
414 636
273 888
220 827
114 274
329 673
592 233
475 284
39 294
530 290
118 357
178 902
72 150
952 161
695 611
187 956
344 731
563 265
433 604
86 374
735 15
293 56
676 607
174 789
377 399
584 891
701 28
785 33
515 840
958 458
259 134
562 469
528 717
567 612
605 465
987 505
791 478
598 622
432 321
1 508
267 79
417 442
185 935
940 745
338 151
348 181
732 843
861 105
699 370
3 626
905 971
490 253
91 701
861 410
989 197
568 587
310 35
337 358
246 486
955 202
370 486
133 538
278 605
105 83
379 540
414 13
219 247
882 397
864 128
58 59
298 746
419 614
81 123
544 893
82 724
199 980
16 746
432 157
47 651
910 527
900 9
141 160
959 70
998 552
468 547
106 643
660 929
275 697
501 549
375 12
215 153
531 948
39 387
178 987
807 880
47 207
530 151
515 633
717 579
669 736
174 710
734 286
773 834
465 815
709 580
752 233
2 382
61 193
877 415
295 948
546 978
66 744
662 804
287 653
107 429
325 510
628 761
414 190
82 229
687 448
589 754
793 100
776 645
792 843
358 457
931 99
823 882
1 250
662 241
97 337
180 904
590 855
183 263
732 749
82 406
215 150
590 966
771 680
295 222
315 740
447 483
712 112
824 522
682 616
461 131
778 71
500 607
907 297
640 108
414 779
915 802
106 910
684 157
696 738
949 15
952 285
113 807
170 166
95 88
55 781
350 935
681 408
351 394
99 357
691 617
468 694
235 613
307 880
290 638
757 744
459 29
777 112
319 761
360 998
460 385
598 123
434 292
566 709
311 558
94 202
791 736
838 709
808 376
773 678
283 422
50 487
359 371
107 218
36 854
174 956
984 456
843 444
24 933
831 38
373 164
385 464
92 332
644 715
59 381
921 330
546 873
193 759
56 149
792 562
828 431
743 60
357 961
693 871
984 661
265 100
263 657
309 671
111 807
348 187
976 628
666 208
408 192
581 963
33 725
694 226
695 95
918 4
81 161
577 804
232 275
820 700
521 793
110 340
627 170
755 97
516 961
189 859
355 559
634 814
393 846
51 870
927 777
877 590
661 189
683 285
276 157
759 558
225 755
601 692
319 89
600 993
938 357
81 476
319 942
910 711
397 609
540 759
812 620
318 253
801 133
969 875
930 483
47 790
565 213
877 35
277 797
298 280
545 777
711 156
645 26
221 688
938 840
995 953
530 110
863 246
783 465
883 809
404 758
496 383
278 155
830 596
232 917
308 870
793 706
277 465
685 436
23 205
5 962
980 144
235 171
995 629
432 309
508 512
415 52
996 829
614 324
727 703
591 249
917 387
480 400
671 916
12 279
819 929
197 797
668 220
25 164
577 919
281 338
300 26
215 233
769 37
629 939
148 21
461 250
150 688
29 790
671 347
768 106
608 361
593 251
149 156
464 49
686 636
674 92
712 279
52 344
673 156
416 163
109 490
695 615
163 686
863 641
441 848
551 634
178 677
553 567
167 287
464 750
159 302
769 899
844 65
611 950
385 922
481 621
616 224
160 390
204 887
61 986
827 297
450 723
674 738
198 236
532 644
771 324
277 531
978 896
979 425
482 851
123 623
594 688
353 230
321 576
6 99
790 194
776 396
748 11
107 448
879 934
25 501
559 368
616 858
121 348
103 148
112 553
511 435
41 611
172 275
232 574
732 251
415 185
223 992
974 168
867 824
770 331
510 328
718 173
944 90
194 537
108 858
674 303
324 500
78 670
237 597
438 404
119 593
11 194
33 270
768 967
272 758
261 374
335 645
159 619
223 420
354 693
543 753
198 866
881 684
475 703
937 679
189 613
559 39
468 556
33 217
930 329
234 595
536 240
320 619
63 493
670 287
565 107
740 902
259 664
9 929
372 963
673 410
492 248
458 312
818 120
835 634
146 714
418 462
235 678
696 212
787 255
346 597
701 349
208 606
924 896
491 449
574 164
110 934
889 342
672 444
343 837
87 831
623 729
919 232
182 636
718 674
442 473
50 34
838 11
571 396
53 925
394 396
847 491
409 129
635 959
865 214
485 530
384 449
311 62
532 234
407 523
121 376
283 537
345 940
568 953
666 74
211 363
304 135
675 408
567 158
516 712
576 371
444 739
334 372
828 601
905 24
741 744
154 568
860 170
54 17
220 265
385 356
738 842
82 294
945 876
394 250
547 944
860 705
695 280
190 320
299 348
896 7
31 362
650 26
483 295
981 556
51 555
416 380
18 480
399 109
845 493
593 92
846 958
596 981
462 903
217 832
384 585
968 669
441 648
425 371
345 746
597 493
445 848
800 833
714 651
414 693
143 409
19 167
683 252
705 836
852 541
853 196
798 735
731 744
734 729
847 794
445 50
199 154
138 650
195 951
783 222
786 14
550 255
290 833
536 537
919 302
170 763
591 320
737 565
353 332
726 52
706 328
831 736
31 988
276 292
142 415
182 600
847 350
424 128
577 334
961 943
782 687
788 808
560 647
654 864
28 689
497 606
418 725
36 132
962 918
300 785
422 245
690 393
853 890
272 370
606 781
301 249
174 377
430 999
949 573
220 883
576 351
371 77
176 109
896 342
950 153
625 902
42 906
337 62
29 640
506 863
505 768
197 602
3 785
104 878
391 686
163 881
181 246
608 334
648 757
940 133
394 807
603 453
108 487
21 718
298 965
211 816
360 150
751 938
661 414
590 364
773 180
522 542
578 268
284 391
782 386
146 335
821 88
324 896
772 74
772 380
954 635
950 95
816 616
377 550
51 293
843 769
282 531
299 723
235 721
507 788
492 192
700 637
123 356
624 783
830 783
695 966
921 745
614 942
672 117
9 751
681 233
493 571
791 884
65 348
376 998
43 372
108 150
451 681
774 969
204 641
508 803
434 954
650 858
814 169
265 876
922 724
879 476
913 808
680 77
597 648
585 240
253 834
715 629
228 640
559 716
107 261
959 846
161 132
283 894
495 664
205 257
423 97
474 290
115 44
757 900
281 450
440 461
400 954
418 189
990 996
129 822
445 724
301 528
894 657
417 115
825 878
533 421
517 608
203 548
149 428
615 726
871 643
432 592
725 638
640 452
125 942
626 213
424 623
365 321
332 221
83 803
484 738
380 435
329 679
825 298
251 816
187 833
995 246
264 214
781 623
268 518
179 485
587 288
456 830
293 85
41 388
832 393
482 14
31 737
786 86
364 110
19 445
112 372
705 46
961 196
689 929
140 351
86 487
400 180
835 213
729 875
571 754
620 255
921 487
705 328
322 854
945 473
353 86
580 755
616 716
926 899
805 782
257 797
390 716
616 859
139 332
223 337
583 393
76 993
757 438
901 482
466 241
672 972
769 730
940 777
814 790
581 9
140 705
915 701
292 516
168 522
903 36
427 887
802 857
418 110
718 221
261 484
834 550
263 282
980 728
422 697
777 926
650 404
708 162
656 525
953 189
295 26
872 427
147 227
720 239
963 901
631 276
125 946
882 79
919 694
686 891
670 284
87 506
986 128
308 453
403 299
521 204
540 824
849 441
464 715
816 560
655 25
915 452
433 749
895 565
553 716
825 439
166 201
117 661
8 247
454 975
175 117
213 162
93 396
55 114
905 472
305 644
16 776
294 100
169 469
448 140
141 103
166 570
85 209
562 503
945 453
141 248
288 660
992 952
738 621
614 947
163 401
866 816
106 237
896 557
182 270
287 961
864 64
278 652
444 764
193 932
638 22
470 612
974 207
530 896
305 435
751 322
613 539
774 255
45 433
662 354
876 957
401 717
994 836
426 296
959 390
228 628
994 823
756 650
48 761
217 726
949 13
186 603
66 501
493 18
773 224
498 872
407 422
180 236
94 430
259 759
497 416
688 535
395 242
130 632
666 934
648 229
26 569
853 180
285 552
810 153
99 210
106 762
108 28
737 564
745 961
597 32
482 155
178 174
899 210
829 141
500 261
951 544
625 488
679 655
60 61
425 744
687 128
157 917
287 246
701 804
723 212
514 201
310 300
974 967
496 898
274 751
214 840
50 809
552 443
129 414
771 859
849 623
188 959
872 920
641 379
510 310
537 442
573 588
997 768
724 968
447 291
512 712
949 941
452 139
490 292
698 239
205 493
104 704
621 805
984 804
876 786
915 610
310 872
774 219
725 775
746 290
742 819
472 723
219 430
96 403
741 493
834 641
376 643
431 637
99 638
768 63
312 235
590 194
630 831
155 631
807 71
47 562
673 103
43 811
192 623
144 642
588 197
535 974
347 593
352 869
424 658
190 953
47 784
731 267
568 105
476 734
39 652
351 142
189 255
393 490
952 887
484 918
442 700
518 981
198 684
252 807
495 609
827 579
721 162
425 699
227 739
46 165
879 799
50 235
344 948
735 744
527 764
685 340
34 142
987 596
576 736
191 233
775 871
283 881
430 512
569 948
868 25
495 218
723 447
599 720
525 717
251 590
498 413
615 475
786 753
63 260
989 674
726 204
979 251
95 644
834 788
7 978
800 684
983 437
329 836
311 940
293 737
955 732
761 841
873 955
602 155
885 352
582 989
330 614
954 540
459 86
830 427
498 944
264 72
82 819
109 10
437 563
773 73
186 885
436 49
47 820
86 282
772 240
19 335
956 756
169 222
79 583
902 758
653 692
710 431
783 273
87 596
143 758
737 515
293 37
316 138
820 266
291 988
183 602
511 121
41 165
545 629
549 69
75 962
38 538
434 557
11 602
908 804
670 927
13 392
552 198
387 367
830 705
239 322
875 40
947 423
931 50
241 980
923 478
706 962
546 687
913 676
650 593
118 625
310 391
684 368
97 330
267 112
713 128
876 692
628 53
594 133
902 330
855 366
354 691
876 715
552 657
20 911
884 206
281 477
390 9
208 456
711 879
710 582
271 830
330 919
486 306
889 673
125 879
976 235
388 905
82 610
1000 225
105 259
821 509
688 270
137 24
583 599
363 688
511 584
661 469
981 212
467 750
599 169
839 382
164 694
458 471
475 607
105 961
213 79
345 127
920 623
201 536
360 98
857 897
155 123
545 823
657 797
288 344
218 521
187 586
138 126
334 911
481 361
249 245
390 852
10 848
47 415
505 460
826 908
732 661
126 444
914 422
164 217
938 544
652 374
875 135
490 427
349 116
975 160
852 413
32 682
107 430
328 337
384 451
476 121
921 284
851 95
34 415
508 586
70 321
650 86
723 25
887 794
125 180
127 641
521 992
719 973
543 805
675 107
771 644
628 9
228 959
196 157
726 476
362 677
769 99
94 960
43 258
85 643
196 530
76 458
367 197
573 890
547 771
362 583
181 1
739 747
498 135
581 544
858 167
752 878
553 851
137 52
674 245
933 536
969 313
455 196
898 973
462 820
873 627
98 364
289 450
18 128
431 565
848 191
740 485
43 863
764 483
161 648
610 985
73 151
209 644
670 539
892 415
810 134
630 271
777 343
505 142
307 384
535 760
536 650
131 238
984 92
782 915
714 845
531 401
218 668
349 182
994 205
303 805
37 329
739 355
943 816
980 127
893 260
735 759
663 122
444 460
733 498
239 633
377 934
956 343
885 183
922 163
85 349
177 88
896 522
456 17
220 90
992 163
77 511
480 503
75 547
853 954
935 632
223 826
921 274
153 384
546 441
504 364
345 680
641 491
932 702
21 121
884 151
884 586
675 148
437 233
198 910
180 653
823 677
609 761
812 442
831 366
47 735
160 945
472 579
419 688
523 262
546 125
151 637
267 423
498 826
9 29
322 76
864 702
17 762
90 464
398 393
200 688
865 990
147 907
60 696
544 757
962 28
820 98
159 976
899 629
385 947
522 724
463 594
835 423
688 620
251 188
434 372
143 364
860 786
514 89
956 457
66 875
88 975
207 735
491 506
787 825
401 22
644 86
717 520
352 580
424 433
705 64
317 154
725 13
14 362
330 7
459 745
942 262
503 736
396 158
675 534
511 186
582 59
585 869
344 949
219 547
832 657
935 637
408 402
939 990
33 827
591 239
608 689
72 225
6 534
121 310
547 270
729 695
694 419
226 999
804 167
757 321
206 249
686 199
943 732
279 709
608 927
918 810
354 987
98 945
570 471
491 642
99 917
405 830
278 548
428 369
15 691
186 335
546 473
444 907
51 839
822 208
897 271
81 428
502 540
603 35
890 148
551 771
826 270
480 846
449 305
985 743
342 36
255 973
554 372
792 257
359 867
713 259
924 411
697 388
955 279
133 152
798 650
251 235
489 818
147 788
668 178
191 487
48 895
804 978
666 613
408 899
207 573
84 296
140 458
433 592
640 514
680 751
398 822
737 514
544 799
649 852
498 738
317 190
636 988
231 280
749 347
957 398
283 355
892 677
680 781
112 255
616 703
340 487
487 80
1 583
791 120
559 396
413 754
931 877
344 913
575 569
274 964
115 974
172 383
942 111
267 405
140 925
322 984
576 507
443 180
562 130
157 638
404 201
633 367
76 497
525 671
475 244
295 81
559 960
671 26
485 51
432 129
195 510
383 852
965 541
150 543
228 875
524 296
599 868
780 898
485 132
158 122
729 990
918 269
537 147
815 956
488 7
587 821
380 45
785 941
585 999
574 525
613 233
125 991
328 575
916 416
920 803
61 567
868 953
127 104
712 389
180 411
238 145
789 527
403 444
83 491
397 678
420 537
627 675
310 669
959 800
564 176
52 972
803 780
887 2
523 701
449 168
416 352
913 281
363 366
678 27
934 113
812 853
890 149
356 553
395 683
801 428
341 347
700 662
937 60
648 41
689 643
552 135
559 66
654 370
217 455
168 29
257 829
175 314
724 7
549 201
182 482
457 33
386 255
154 67
67 958
432 353
231 115
287 173
948 873
112 505
184 982
115 938
885 210
322 908
694 504
987 622
179 605
183 125
161 348
872 958
578 877
598 872
656 431
895 318
522 914
441 503
347 457
599 554
102 966
769 241
862 988
595 835
708 482
327 948
682 709
348 497
955 347
794 727
816 3
656 852
708 113
216 847
323 21
659 591
630 934
352 108
983 640
267 970
813 433
441 947
863 287
369 433
613 926
315 823
337 659
547 608
297 640
646 372
797 248
147 991
263 845
530 356
604 661
30 532
189 217
623 536
207 501
706 468
654 44
268 351
71 170
268 586
539 252
248 617
374 505
620 385
213 821
142 499
148 884
151 99
28 494
623 879
790 286
711 269
926 846
799 344
785 382
311 238
813 296
463 467
68 481
399 891
129 355
262 932
354 45
269 519
988 161
920 385
918 156
296 635
903 328
376 201
339 319
231 885
54 982
805 550
755 839
9 82
153 391
462 387
564 871
448 709
712 946
840 199
950 156
20 977
13 818
570 419
755 101
669 429
941 328
548 510
879 12
627 95
65 602
599 363
214 357
472 580
151 140
950 297
881 179
313 148
315 994
389 23
661 853
894 602
825 49
592 996
494 324
873 989
858 43
766 813
990 548
517 188
792 341
901 29
868 192
416 121
496 183
114 639
133 308
999 703
655 705
400 429
806 229
75 109
829 348
501 315
374 59
529 261
778 925
999 925
361 793
549 990
307 415
679 591
321 719
89 347
438 550
684 842
724 443
762 114
619 807
417 889
509 467
511 165
667 173
117 30
45 785
687 954
585 868
272 179
662 992
221 112
480 182
653 163
547 416
989 75
130 160
810 846
44 350
7 362
373 422
231 776
508 627
846 226
42 843
558 403
168 773
340 896
662 189
573 622
599 722
911 455
362 875
401 873
846 57
660 69
121 640
506 894
949 816
113 560
351 561
681 870
68 870
299 231
745 59
589 250
282 290
721 962
977 88
617 241
891 510
618 346
929 157
492 611
57 74
720 262
78 496
601 517
322 62
852 23
949 67
401 437
790 969
699 612
353 191
61 643
613 982
890 557
66 59
346 45
18 182
165 421
682 209
627 468
406 945
354 382
155 371
542 381
640 57
626 434
203 79
411 277
632 799
794 155
821 859
143 323
520 490
539 390
647 819
339 748
140 459
87 678
661 883
888 915
196 946
895 880
456 543
465 855
139 530
268 502
822 821
606 140
310 651
611 790
867 352
54 751
784 860
896 806
126 273
880 245
274 946
258 47
97 253
763 544
32 640
343 737
832 901
993 148
386 314
250 947
880 299
196 389
642 235
884 42
520 659
119 783
300 107
6 615
6 797
188 720
284 919
145 137
755 940
560 142
228 788
745 134
194 900
466 929
984 798
200 269
399 375
113 732
793 312
870 318
342 359
414 784
609 544
345 199
668 723
688 177
836 265
983 490
270 371
806 609
13 691
638 516
772 672
424 590
373 629
869 336
144 701
363 579
871 357
578 482
730 217
308 375
627 595
447 640
540 797
722 664
458 183
810 160
354 100
31 710
251 468
131 390
625 231
292 306
749 812
500 445
545 934
568 257
397 105
143 581
204 629
762 59
579 643
804 292
274 519
349 193
406 8
357 758
984 352
896 770
933 361
278 762
821 467
386 252
461 536
675 431
460 941
16 848
850 328
387 730
27 611
380 543
126 239
639 699
281 236
923 557
887 788
653 380
487 682
344 652
881 793
618 222
230 136
806 961
461 92
558 314
228 953
966 943
810 189
366 811
37 969
245 886
44 969
637 436
820 596
234 505
950 467
608 166
225 746
138 488
848 989
885 823
445 906
452 195
533 331
536 161
228 509
946 768
213 271
841 815
77 720
902 771
237 590
359 938
179 256
252 346
165 381
60 517
904 227
796 433
83 735
570 546
331 218
518 706
209 762
133 659
331 171
190 738
946 324
875 438
748 184
443 706
247 612
50 480
178 173
572 381
370 901
832 146
830 957
173 486
157 993
550 300
921 476
888 681
982 987
361 975
776 584
524 990
767 32
275 840
348 914
230 557
633 196
797 851
624 385
205 648
617 728
992 20
884 98
866 565
443 364
138 466
146 841
651 16
506 859
106 369
824 700
785 842
988 887
441 236
794 552
724 681
750 681
555 461
113 674
59 538
279 202
925 243
11 415
30 393
181 99
169 555
371 653
858 185
128 256
574 853
995 480
650 141
155 761
488 382
821 164
807 977
494 308
423 968
857 368
765 583
256 531
222 322
494 423
28 15
998 983
412 494
746 589
22 597
242 124
959 968
412 285
964 850
570 681
578 204
339 832
198 812
964 993
273 210
572 402
536 744
403 947
47 480
286 872
677 121
770 909
871 452
944 920
801 693
487 46
179 841
774 781
553 180
537 607
809 194
945 350
167 241
226 308
45 784
323 626
505 379
912 213
434 777
382 211
993 381
685 448
745 621
709 458
893 573
783 867
474 925
182 346
185 742
900 973
304 244
470 705
612 874
794 854
927 715
46 356
999 262
484 343
403 448
613 384
546 475
234 287
399 493
377 575
685 900
559 927
840 115
594 446
858 444
65 692
651 909
702 552
924 610
855 26
569 373
381 431
937 761
963 767
712 363
125 938
19 5
807 100
440 46
975 786
29 164
915 63
535 894
248 998
643 713
42 192
653 544
86 281
415 957
695 945
938 902
98 235
83 517
725 446
946 445
375 437
685 128
624 815
880 574
382 563
899 881
863 64
278 350
161 912
117 479
779 884
635 286
191 852
729 213
957 24
814 350
528 707
819 452
299 570
29 599
991 706
740 834
638 397
840 580
306 352
399 781
789 405
537 676
900 530
584 924
7 312
656 54
264 248
254 5
115 833
542 710
279 548
741 697
144 361
741 622
980 518
489 37
92 852
91 361
861 261
475 246
149 121
388 711
232 449
284 192
785 641
935 659
793 142
559 947
393 824
932 583
161 523
258 608
8 577
78 97
985 551
987 113
971 6
829 878
242 8
977 187
336 77
928 385
836 266
216 659
859 187
612 938
73 866
564 808
189 608
372 810
289 330
553 901
240 440
368 717
375 10
237 37
648 894
151 917
349 680
655 101
342 800
554 392
844 266
796 477
361 182
961 199
30 925
346 606
696 367
791 730
648 45
613 572
209 814
160 233
334 914
264 468
891 807
930 889
143 580
2 376
258 238
64 33
796 786
653 951
265 974
875 235
213 896
97 175
818 73
946 18
710 59
400 946
996 462
192 308
813 963
535 149
707 720
824 980
534 87
594 834
31 59
452 12
175 170
555 693
955 127
707 526
724 944
998 51
525 641
140 737
607 773
663 535
759 802
390 89
436 796
289 810
492 887
788 452
203 748
76 630
152 30
831 486
337 102
465 169
29 808
525 611
342 273
931 468
91 19
664 249
114 144
876 980
987 93
769 258
719 514
254 973
963 980
466 676
450 33
108 965
994 831
825 27
163 348
281 841
526 573
928 284
360 206
809 527
406 911
209 479
708 567
306 150
434 508
252 347
734 563
290 632
166 15
429 695
247 208
217 101
604 663
653 894
762 779
624 792
807 739
653 761
178 219
86 432
400 353
308 618
737 584
939 696
136 315
563 244
632 878
373 158
677 68
456 600
538 442
976 109
678 614
598 462
253 599
788 838
754 712
421 663
648 293
667 195
245 499
690 160
528 267
606 980
554 563
352 487
961 595
163 433
898 36
754 938
561 294
245 277
196 335
306 443
782 34
393 517
513 308
345 828
432 314
827 84
556 366
638 606
102 992
729 890
345 685
492 964
152 203
996 500
408 117
394 8
806 314
859 852
208 918
754 75
154 648
998 313
379 331
363 974
972 732
518 208
3 933
520 633
929 247
846 876
212 904
604 934
471 761
552 793
238 220
920 797
441 717
640 364
240 448
136 155
627 669
95 979
873 765
878 270
187 937
137 897
744 878
545 771
624 772
622 787
94 168
740 762
133 468
728 226
50 306
216 54
972 469
739 418
61 146
654 185
892 668
841 406
252 803
417 497
164 141
59 433
596 136
870 539
6 904
471 916
880 203
582 378
718 671
25 370
463 569
233 503
340 317
567 910
455 924
188 889
649 761
600 361
432 299
947 508
590 580
449 187
713 156
879 622
182 202
534 31
277 46
704 374
707 569
798 384
140 730
970 565
770 353
242 688
655 686
858 550
106 451
324 414
510 417
58 46
422 519
341 380
408 81
228 882
656 663
825 768
366 224
239 82
561 782
64 866
160 609
510 643
591 414
11 442
177 918
697 175
717 20
523 295
158 334
643 810
19 4
475 710
973 379
294 859
750 23
169 800
798 649
675 416
548 976
808 649
472 335
956 513
385 924
99 48
284 204
375 327
857 252
605 870
71 78
844 462
607 57
517 449
848 920
260 830
522 553
757 893
554 871
839 875
571 521
697 950
877 285
166 531
848 710
495 437
338 364
736 551
255 241
827 976
421 687
339 42
123 835
348 932
679 800
595 477
279 438
16 440
746 787
339 155
196 368
912 65
272 288
898 236
635 701
463 314
693 857
948 950
788 707
442 3
816 316
779 384
817 85
836 183
139 33
286 144
822 486
698 816
702 792
707 930
449 982
232 450
340 789
894 468
621 89
258 512
600 641
971 710
384 982
3 876
299 7
707 192
814 612
51 676
68 782
994 788
896 49
954 875
132 483
663 833
189 526
560 494
65 512
377 790
727 114
380 159
660 57
241 105
534 982
171 156
40 58
798 971
289 329
308 83
699 642
657 614
479 811
968 609
199 219
511 709
973 496
80 353
613 857
365 656
532 465
716 86
517 3
501 320
174 606
714 627
977 248
433 653
593 566
479 281
840 933
341 344
686 265
14 594
956 779
454 735
409 504
155 236
230 608
677 175
625 374
168 113
350 409
481 478
465 945
981 281
984 499
597 704
994 928
37 337
244 811
835 956
583 330
328 454
456 283
738 145
371 424
23 243
173 162
528 447
748 282
783 821
590 525
884 874
520 595
561 313
154 241
305 123
328 164
435 712
419 207
746 902
361 444
253 933
417 498
648 1000
699 4
886 520
721 733
168 747
388 676
371 996
712 458
301 945
435 397
306 841
828 401
590 969
292 692
59 643
216 850
354 434
147 292
909 853
578 512
416 259
110 157
293 579
702 481
168 920
119 337
356 37
267 604
342 496
242 188
190 164
742 625
484 833
380 274
273 680
19 60
160 107
173 911
523 508
708 560
514 973
346 798
824 77
739 858
579 805
636 178
87 522
18 15
166 159
441 620
151 809
251 261
278 404
5 676
243 937
869 933
216 91
920 333
277 740
169 427
117 485
396 246
678 228
24 829
245 65
896 881
161 643
199 656
46 253
219 731
326 940
311 24
670 571
101 612
34 447
167 633
334 474
392 735
928 927
16 877
716 790
753 972
204 892
794 276
909 581
609 493
171 280
797 740
802 154
15 603
897 182
462 214
205 121
833 816
751 210
630 897
811 857
133 893
426 265
262 915
752 831
473 306
381 393
935 440
596 896
722 455
959 54
122 523
764 206
174 974
566 380
861 340
268 702
66 466
123 175
677 594
751 801
677 214
185 320
648 936
207 775
743 977
872 134
658 257
34 551
19 201
942 953
9 995
13 987
53 104
368 500
645 150
683 879
86 354
805 464
643 397
791 797
153 665
815 139
303 999
312 522
377 100
388 570
452 626
89 344
587 233
861 970
442 552
524 670
176 628
321 637
892 780
434 948
559 871
385 418
663 37
943 18
687 163
619 169
732 968
899 467
247 741
496 596
150 203
444 492
748 354
884 930
885 151
749 840
989 249
537 488
702 914
618 133
780 180
966 715
181 385
148 318
372 284
979 812
525 712
16 984
646 868
980 706
655 734
132 633
10 29
16 646
716 623
94 815
778 6
636 310
237 797
856 854
789 646
186 685
337 847
265 58
674 198
949 64
808 876
536 155
557 635
872 83
981 863
896 855
927 665
126 486
57 809
574 966
213 438
394 752
381 864
831 244
350 241
246 422
17 260
66 843
31 751
1 776
473 667
916 947
757 971
169 82
120 512
282 787
781 331
546 831
919 858
273 188
39 909
32 933
361 695
518 837
125 79
173 300
486 829
359 1
586 455
399 926
291 801
280 526
139 486
316 682
430 212
453 221
368 982
699 267
516 445
442 302
116 441
642 119
990 415
370 572
188 909
45 20
46 279
975 110
729 663
859 576
931 79
89 880
272 432
721 615
205 334
741 620
832 664
63 624
907 214
34 342
290 204
182 70
132 831
594 126
854 948
676 872
290 63
627 250
613 307
436 836
898 593
196 198
225 707
261 866
289 110
950 357
807 292
105 555
918 647
150 893
800 606
983 487
897 408
151 689
878 494
691 996
29 21
919 716
833 395
743 904
433 773
929 920
218 321
146 482
223 208
873 555
13 914
51 355
865 651
591 945
795 864
771 833
179 455
217 184
386 695
869 896
675 871
473 855
807 590
666 622
574 175
410 312
28 279
306 81
447 518
623 742
165 922
738 76
886 124
66 625
801 642
553 97
865 311
519 844
437 541
526 300
196 695
162 995
74 215
58 560
404 548
893 626
178 377
775 947
895 452
625 544
404 907
921 231
139 366
318 960
616 972
306 612
344 655
418 938
699 7
936 578
63 997
286 28
975 317
860 161
793 360
355 571
210 490
157 273
765 124
825 831
163 928
630 954
42 691
171 477
907 289
394 372
858 305
965 609
713 530
475 867
208 102
513 795
753 446
786 84
829 993
9 228
265 114
303 398
473 887
787 469
422 8
578 338
178 612
750 536
255 534
146 454
41 292
298 157
320 509
820 58
752 64
147 431
633 386
904 117
852 907
943 316
468 924
271 499
368 88
900 1
170 738
264 355
838 317
175 251
300 708
672 479
602 656
718 790
630 34
922 795
335 450
758 757
240 832
559 467
905 728
487 404
733 348
332 779
738 178
701 830
382 929
188 77
272 720
434 755
576 392
315 92
101 611
185 568
718 466
791 386
962 768
814 993
569 930
880 621
424 739
603 655
148 138
224 880
668 961
119 609
231 599
626 631
475 929
833 823
595 976
73 990
981 600
831 149
545 340
104 996
